709.978241
707.910511
707.926708
709.258405
710.719673
712.179141
715.018896
717.110020
720.381677
716.174233
711.509693
708.871493
708.306421
707.028712
704.584867
703.618487
703.848834
705.157137
705.630429
706.969325
706.674192
706.551820
705.497260
707.442618
707.622577
712.726217
716.611534
721.344458
720.140532
722.278446
720.718200
718.128589
716.427975
713.498241
710.066421
708.993865
707.852924
710.869039
713.077137
712.512065
713.458650
717.435746
721.013333
723.692924
720.775787
714.313456
713.219305
714.736360
717.754274
717.876646
717.930634
719.105767
718.744049
718.441718
716.355992
717.903640
718.461513
719.395501
720.379877
723.090061
714.853333
713.570225
713.841963
713.100532
713.687198
715.940286
716.633129
716.080654
715.369816
714.554601
713.649407
712.571452
712.569652
712.274519
712.139550
711.943395
711.363926
711.047198
711.381922
711.491697
711.464703
711.635665
710.937423
709.812679
709.387975
708.893088
707.935706
707.719755
708.153456
709.073047
710.820450
709.769489
711.578078
711.443108
718.510102
719.449489
726.854806
732.023231
722.276646
729.367035
719.001391
718.331943
720.145930
721.153701
723.145849
719.494479
715.170061
710.570307
708.358609
707.881718
708.157055
706.278282
706.388057
708.200245
710.766462
709.110838
711.396319
711.569080
712.922372
712.924172
713.807771
714.673374
714.633783
715.128671
715.911493
720.579632
719.771616
726.021595
723.030675
717.599509
714.889325
712.753211
708.319018
705.700613
702.853661
703.240573
704.651452
707.156483
704.987975
704.545276
705.738405
706.362863
707.304049
708.067076
707.433620
704.782822
703.929816
702.392965
704.502086
703.951411
703.625685
706.927935
705.351493
703.697669
703.235174
703.726462
704.640654
704.512883
704.361718
704.300532
704.575869
708.050879
715.893497
708.614151
710.712474
713.939141
711.578078
713.120327
715.778323
712.180941
713.073538
713.471247
714.180286
713.863558
713.724990
714.372843
712.866585
714.741759
714.574397
712.942168
715.040491
713.660204
712.436483
710.935624
711.725644
712.638037
718.256360
720.977342
715.457996
716.769898
718.418323
717.900041
717.522127
717.203599
717.595910
710.046626
704.869202
704.755828
706.164908
712.652434
715.294233
719.884990
722.704949
724.204008
719.022986
716.404581
714.437628
714.648180
715.234847
711.606871
710.615297
711.131779
711.185767
711.182168
716.831084
722.395419
721.922127
720.025358
716.564744
712.414888
709.810879
711.194765
712.909775
712.119755
711.560082
710.276973
709.553538
709.557137
709.441963
709.130634
708.155256
708.135460
708.606953
712.573252
709.816278
711.189366
716.199427
716.105849
709.017260
708.061677
708.157055
708.867894
709.953047
709.962045
709.017260
707.206871
705.716810
706.065930
706.517628
703.591493
703.854233
704.835010
704.260941
704.098978
704.118773
704.179959
704.640654
720.567035
722.697751
713.046544
723.154847
720.241309
717.932434
712.996155
713.746585
709.125235
708.500777
707.559591
708.342413
709.405971
709.423967
710.278773
708.713129
705.693415
704.451697
704.185358
708.153456
710.546912
712.157546
713.527035
714.552802
712.319509
709.351984
707.068303
705.398282
705.212924
705.396483
705.652025
705.706012
705.837382
706.447444
707.361636
707.331043
708.061677
711.905603
711.747239
716.400982
710.264376
709.109039
708.878691
708.182249
707.451616
707.842127
707.725153
707.185276
707.480409
708.045481
707.471411
708.067076
709.639918
706.918937
706.310675
702.662904
705.590838
705.328098
709.056851
712.639836
712.146748
710.190593
711.113783
712.988957
713.244499
711.826421
711.651861
712.546258
711.452106
710.384949
709.675910
711.776033
711.115583
710.415542
702.880654
710.257178
710.061022
710.710675
710.840245
710.887035
710.827648
711.038200
710.325562
709.992638
710.462331
712.362699
714.613988
713.361472
711.288344
710.613497
709.809080
709.339387
708.907485
708.592556
709.292597
709.263804
709.091043
710.557710
711.596074
707.631575
713.701595
713.483845
712.791002
712.758609
712.220532
710.091616
709.217014
709.253006
709.803681
711.187566
712.844990
711.597873
712.281718
712.663231
712.098160
713.060941
712.227730
712.112556
711.637464
711.972188
712.314110
714.777751
715.105276
716.023067
717.509530
717.891043
719.010389
721.144703
726.116973
730.687935
721.034928
719.741022
713.044744
701.401391
701.408589
701.266421
701.818896
701.300613
701.471575
701.467975
700.868712
700.674356
700.937096
701.064867
703.064213
704.853006
704.775624
703.436728
703.688671
702.628712
702.922045
703.476319
703.127198
703.017423
702.016851
702.146421
703.031820
704.835010
703.782249
704.388712
702.828466
701.908875
701.158446
700.517791
700.433211
700.384622
700.337832
701.037873
701.658732
702.423558
703.735460
705.256115
705.455869
705.014969
704.422904
705.598037
704.849407
703.013824
703.757055
705.337096
703.906421
703.204581
705.216524
703.422331
703.179387
703.296360
703.706667
704.797219
705.614233
706.776769
707.237464
705.023967
704.296933
704.221350
704.304131
704.052188
703.595092
703.256769
703.929816
703.395337
703.008425
704.341922
704.980777
705.598037
705.786994
706.105521
707.473211
706.227894
706.571616
706.508630
705.477464
705.644826
705.646626
705.023967
704.129571
707.070102
712.229530
712.445481
712.683027
710.608098
709.809080
711.083190
711.509693
715.461595
720.370879
718.587485
716.282209
715.335624
710.554110
711.779632
716.257014
711.290143
707.791738
706.301677
705.745603
704.962781
703.875828
703.298160
702.452352
702.524335
706.893742
711.093988
718.682863
721.999509
722.472802
729.953701
735.636810
738.562945
739.667894
734.265521
721.571207
727.911166
726.118773
735.949939
734.598446
718.017014
716.811288
716.818487
715.062086
714.459223
715.925890
717.070429
710.849243
711.471902
713.224703
717.786667
735.348875
736.820941
724.472147
730.720327
734.317710
721.866339
707.852924
708.214642
711.547485
713.719591
716.593538
711.986585
710.690879
711.203763
711.221759
711.095787
709.670511
708.304622
707.764744
706.542822
705.801391
705.975951
706.478037
706.994519
706.618405
706.895542
706.559018
706.701186
707.174479
707.602781
708.229039
709.042454
710.032229
711.662658
713.496442
716.458569
716.149039
713.588221
709.346585
708.860695
708.750920
707.528998
706.881145
706.591411
706.247689
705.821186
706.215297
706.499632
706.551820
706.494233
706.476237
707.070102
707.071902
707.113292
708.306421
708.871493
710.892434
710.500123
711.279346
712.794601
712.965562
714.286462
708.380204
709.184622
709.038855
709.488753
708.675337
708.421595
717.183804
719.611452
715.571370
720.741595
718.261759
719.489080
720.845971
719.300123
716.660123
714.212679
713.435256
713.600818
711.659059
713.453252
711.905603
711.781431
712.254724
712.787403
710.293170
709.206217
708.020286
709.321391
709.791084
711.079591
709.836074
712.668630
714.029121
722.183067
718.857423
735.458650
736.797546
727.245317
720.685808
728.179305
720.171125
716.721309
717.574315
712.251125
716.895869
716.892270
720.424867
715.735133
716.400982
719.611452
714.849734
711.435910
711.749039
712.373497
713.154519
710.899632
714.113701
714.551002
712.659632
713.676401
718.709857
722.834519
719.492679
733.239755
729.410225
735.651207
724.043845
716.649325
718.481309
715.206053
712.760409
713.174315
714.842536
716.850879
716.854479
714.723763
713.742986
713.116728
709.575133
707.959100
708.425194
708.151656
707.957301
708.441391
707.179877
705.760000
705.356892
706.541022
706.956728
707.210470
706.852352
707.361636
706.100123
706.846953
706.512229
706.280082
705.833783
705.824785
706.051534
705.679018
705.560245
705.387485
704.860204
704.917791
705.628630
706.625603
706.967526
708.169652
708.876892
708.387403
716.087853
708.747321
721.907730
721.074519
715.664949
718.205971
718.562290
718.760245
716.699714
717.201800
717.435746
712.789202
711.144376
710.795256
706.035337
703.532106
702.977832
703.463722
706.299877
720.034356
720.145930
722.641963
723.532761
712.364499
712.715419
715.769325
712.481472
712.808998
713.152720
712.080164
712.936769
712.252924
712.157546
709.726299
708.799509
708.335215
707.897914
707.699959
707.534397
707.388630
707.208671
706.163108
710.991411
712.002781
712.389693
714.293661
707.615378
706.724581
706.148712
704.500286
708.178650
707.001718
711.228957
713.609816
711.183967
710.676483
710.151002
708.644744
707.708957
706.233292
704.167362
703.472720
703.514110
703.600491
703.685072
703.814642
704.969980
702.596319
704.629857
706.058732
706.866748
710.230184
710.086217
706.866748
706.355665
707.147485
708.067076
710.303967
711.576278
712.967362
711.430511
714.183885
710.163599
708.236237
705.860777
705.211125
705.054560
705.245317
704.611861
704.746830
705.421677
707.426421
709.395174
709.668712
707.052106
709.229611
709.769489
709.629121
710.977014
712.557055
710.743067
710.935624
710.001636
709.011861
709.571534
709.854070
710.035828
710.294969
711.385521
712.305112
710.728671
709.639918
708.605153
708.704131
708.556564
710.111411
716.087853
709.544540
712.731616
716.217423
717.066830
720.741595
721.567607
719.836401
720.293497
727.965153
723.201636
724.781677
723.590348
716.445971
711.864213
713.167117
711.192965
711.185767
710.737669
711.452106
711.194765
712.099959
715.648753
715.704540
714.799346
715.042290
715.852106
716.069857
716.465767
716.201227
714.923517
715.999673
718.209571
718.817832
719.706830
721.108712
721.727771
722.103885
718.585685
716.867076
715.765726
714.180286
712.810798
711.288344
711.453906
712.416687
717.302577
718.691861
720.648016
722.235256
729.385031
726.908793
729.699959
743.027730
751.028712
747.334151
773.528998
761.808262
758.360245
764.898160
761.128016
745.442781
735.483845
726.890798
720.552638
716.086053
712.848589
708.659141
706.069530
705.599836
705.079755
708.306421
706.013742
706.539223
709.121636
710.280573
711.212761
711.394519
710.883436
709.521145
711.360327
714.147894
713.413661
720.052352
720.680409
718.168180
710.363354
708.428793
706.562618
705.245317
705.392883
704.316728
703.310757
704.215951
707.259059
712.166544
715.573170
720.757791
719.570061
718.520900
721.315665
714.963108
731.796483
731.344785
749.398282
725.917219
727.880573
724.302986
724.389366
724.558528
722.672556
716.289407
712.546258
711.574479
711.479100
711.191166
712.193538
711.018405
712.553456
713.345276
712.434683
712.949366
715.141268
716.312802
716.622331
716.964254
719.130961
718.798037
718.252761
716.631329
716.113047
716.746503
716.136442
714.711166
711.839018
703.456524
697.681636
697.938978
699.819550
701.216033
701.595746
703.778650
701.514765
701.108057
702.274192
701.561554
701.899877
702.275992
702.769080
703.042618
704.030593
704.332924
704.134969
704.523681
706.116319
707.203272
708.076074
707.887117
707.534397
706.972924
705.272311
704.370716
705.596237
704.763027
704.826012
707.530798
725.031820
743.000736
735.343476
723.831493
718.636074
715.447198
712.621840
710.640491
709.879264
708.637546
709.008262
709.175624
710.318364
711.455706
712.351902
710.851043
706.882945
706.598609
706.231493
705.295706
705.191329
705.706012
706.220695
706.857751
710.115010
715.119673
713.939141
718.396728
731.190020
732.730470
742.772188
732.338160
729.050307
726.955583
721.409243
719.463885
719.697832
721.634192
719.343313
715.006299
711.203763
711.162372
709.877464
708.565562
709.166626
708.185849
707.408425
707.546994
716.006871
721.033129
720.041554
721.090716
730.866094
732.465930
740.792638
791.748057
738.642127
715.596564
715.038691
715.771125
715.490389
715.375215
710.640491
711.376524
707.739550
708.417996
708.457587
711.920000
711.095787
712.427485
718.472311
719.865194
717.658896
719.719427
716.381186
715.011697
709.326789
717.176605
721.968916
720.935951
723.351002
723.746912
722.546585
721.079918
726.287935
724.864458
729.174479
728.128916
724.749284
727.876973
725.665276
716.258814
718.229366
719.019387
719.974969
720.358282
723.651534
728.825358
733.875010
753.720900
742.376278
732.651288
737.729734
732.305767
739.592311
725.409734
728.613006
726.933988
727.270511
729.376033
723.912474
726.010798
724.324581
729.951902
742.709202
719.766217
714.624785
713.552229
711.191166
713.474847
717.410552
729.340041
717.002045
715.929489
720.181922
718.551493
716.573742
717.658896
724.191411
720.460859
721.634192
722.503395
722.515992
722.715746
723.228630
719.168753
717.072229
715.508384
715.096278
707.856524
712.611043
710.766462
713.895951
718.171779
719.312720
720.010961
716.710511
718.063804
719.300123
719.165153
719.931779
721.702577
723.066667
724.695297
731.571534
730.126462
732.773661
734.256524
730.421595
729.527198
726.705440
724.288589
721.083517
723.010879
722.546585
724.025849
721.438037
722.850716
735.894151
738.829284
742.120736
734.805399
736.698569
732.982413
727.185930
726.296933
722.492597
720.464458
717.995419
716.168834
714.891125
712.701022
712.499468
713.168916
714.300859
712.423885
710.055624
711.225358
710.251779
706.065930
705.454070
705.337096
705.661022
705.909366
705.952556
706.161309
706.515828
706.702986
706.368262
706.578814
706.787566
707.194274
707.412025
707.593783
707.941104
707.699959
708.337014
707.034110
706.492434
706.998119
707.012515
706.902740
707.230266
707.525399
708.068875
709.297996
710.910429
719.566462
719.303722
721.094315
721.772761
720.889162
721.905930
721.528016
724.488344
734.483272
747.850634
742.813579
741.161554
740.562290
733.446708
727.464867
726.169162
721.337260
718.776442
714.389039
713.320082
713.046544
712.483272
712.540859
713.395665
708.322618
708.171452
713.199509
713.822168
713.494642
715.191656
716.872474
720.862168
718.904213
718.103395
718.218569
717.963027
717.547321
717.925235
717.226994
717.257587
717.655297
715.324826
712.368098
710.833047
709.537342
708.340613
707.766544
708.403599
709.294397
710.539714
710.732270
712.432883
715.646953
715.837710
715.249243
711.534888
711.995583
711.300941
715.990675
713.341677
712.970961
712.114356
710.755665
709.477955
709.875665
709.431166
708.317219
707.896115
708.002290
708.614151
708.043681
708.185849
709.794683
714.694969
718.108793
718.735051
715.789121
715.862904
717.412352
726.669448
722.069693
716.487362
715.159264
714.802945
715.616360
715.954683
716.476564
714.682372
713.251697
713.575624
712.769407
712.431084
715.574969
716.487362
712.940368
712.596646
712.728016
712.976360
712.985358
713.330879
713.545031
714.353047
715.733333
716.147239
717.309775
718.160982
719.265930
720.854969
721.112311
718.776442
717.666094
714.932515
713.141922
712.580450
712.087362
712.159346
712.148548
710.073620
710.172597
712.216933
718.074601
722.111084
722.879509
722.917301
721.986912
718.798037
719.512474
717.430348
712.810798
713.438855
712.283517
717.961227
724.524335
717.644499
715.897096
716.294806
715.852106
715.796319
713.591820
712.467076
713.532434
714.318855
714.826339
715.738732
718.286953
718.241963
718.308548
719.710429
725.476319
726.703640
725.600491
719.883190
717.014642
715.542577
716.591738
718.099796
719.138160
719.687035
721.213088
725.141595
726.241145
721.866339
719.359509
717.495133
714.385440
712.044172
711.239755
711.061595
711.646462
712.240327
711.518691
711.540286
711.567280
711.502495
710.953620
711.354928
711.367526
711.434110
710.546912
711.788630
712.726217
714.435828
714.880327
713.726789
714.468221
713.028548
712.198937
712.236728
712.319509
712.080164
711.752638
713.500041
715.628957
718.713456
714.916319
714.437628
715.835910
717.667894
715.601963
721.236483
720.365481
718.888016
716.762699
714.590593
713.644008
712.382495
712.409489
712.265521
712.200736
710.955419
709.454560
708.286626
707.791738
707.086299
707.397628
707.896115
708.680736
710.501922
712.393292
715.958282
717.873047
714.173088
713.446053
714.093906
714.480818
714.876728
715.310429
715.261840
714.786748
715.386012
715.310429
716.165235
717.835256
717.432147
718.524499
718.825031
714.865930
714.846135
715.006299
715.965481
718.708057
718.375133
721.812352
726.885399
727.131943
728.427648
731.737096
733.203763
726.651452
730.146258
724.765481
725.440327
726.197955
727.504458
718.661268
717.086626
716.384785
715.760327
715.402209
714.900123
716.044663
719.192147
715.371616
715.231247
715.524581
719.753620
720.455460
724.337178
726.482290
724.123027
718.664867
714.856933
715.947485
717.588712
717.653497
716.638528
715.771125
715.616360
715.783722
716.922863
718.238364
719.636646
721.256278
722.991084
723.530961
723.106258
722.240654
722.231656
720.910757
720.270102
720.001963
719.030184
718.114192
718.601881
718.477710
720.039755
720.124335
720.784785
720.912556
720.631820
720.998937
719.132761
718.017014
713.365072
716.316401
715.740532
715.062086
713.840164
713.062740
715.812515
715.661350
715.951084
718.459714
720.505849
720.971943
723.986258
725.152393
723.682127
724.772679
725.037219
726.282536
719.622249
718.292352
721.153701
719.055378
719.219141
716.809489
715.135869
715.808916
715.501186
715.125072
714.398037
712.557055
713.813170
721.220286
724.391166
750.046135
772.753374
768.092434
754.908630
741.019387
709.879264
708.029284
712.607444
717.120818
719.967771
720.064949
723.685726
725.694070
724.455951
729.527198
721.042127
713.352474
711.993783
708.121063
707.845726
707.694560
707.230266
708.178650
709.713701
716.125644
715.369816
715.346421
718.418323
716.579141
719.490879
719.168753
715.157464
712.449080
711.052597
711.831820
711.741840
711.524090
711.732843
712.495869
711.054397
721.895133
717.469939
721.520818
719.019387
715.884499
714.925317
715.553374
714.435828
715.054888
714.063313
714.968507
716.669121
715.997873
716.289407
717.376360
718.880818
719.089571
718.398528
716.870675
716.033865
715.488589
715.918691
714.961309
714.640982
714.014724
714.385440
713.307485
710.957219
710.327362
710.447935
710.962618
710.892434
715.240245
718.627076
720.392474
724.578323
726.910593
724.103231
723.750511
720.126135
715.056687
716.048262
715.702740
717.567117
717.246789
716.161636
716.239018
718.576687
719.372106
716.100450
720.984540
721.823149
721.155501
721.357055
721.846544
728.614806
725.384540
724.904049
733.911002
721.711575
716.692515
714.950511
716.625930
718.564090
718.879018
717.801063
716.877873
716.278609
714.340450
712.209734
711.920000
711.390920
711.209162
711.192965
710.802454
710.647689
710.316564
710.330961
710.314765
710.271575
710.498323
711.057996
711.363926
710.912229
710.242781
710.206789
709.965644
709.929652
710.365153
710.532515
710.827648
710.438937
709.738896
708.947076
708.824703
708.588957
708.502577
708.362209
708.259632
708.430593
708.612352
709.152229
710.066421
710.226585
711.849816
711.108384
713.462249
711.149775
714.025521
715.045890
712.783804
712.389693
711.982986
714.155092
716.769898
719.651043
721.733170
724.527935
716.966053
711.405317
708.842699
708.353211
710.330961
710.915828
710.847444
711.097587
710.528916
709.791084
710.330961
711.981186
711.905603
713.300286
712.445481
712.404090
713.213906
713.388466
714.658978
716.208425
716.892270
716.967853
718.173579
717.288180
715.704540
717.370961
717.833456
716.248016
713.185112
713.653006
712.742413
712.128753
711.720245
713.154519
718.153783
727.553047
729.546994
737.022495
740.979796
740.346339
738.982249
731.852270
733.201963
733.113783
734.963763
736.205481
736.315256
738.600736
727.592638
714.730961
712.166544
712.396892
711.923599
711.347730
711.284744
710.134806
708.196646
707.872720
713.780777
721.384049
724.614315
726.932188
727.095951
729.941104
721.756564
725.028221
730.491779
731.375378
733.608671
737.459796
740.425521
739.685890
729.959100
725.875828
718.524499
710.856442
709.112638
707.915910
709.605726
711.117382
710.779059
710.721472
715.771125
720.712802
721.931125
722.417014
720.012761
720.746994
724.738487
731.798282
728.364663
727.256115
729.070102
736.977505
733.709448
729.608180
727.718609
722.659959
717.417751
712.778405
710.204990
708.830102
707.984294
707.627975
707.246462
707.914110
711.453906
715.979877
720.266503
714.092106
711.803027
710.829448
710.989611
715.463395
717.243190
718.904213
718.772843
718.880818
719.983967
716.723108
717.955828
714.284663
713.064540
713.282290
712.665031
713.697996
714.945112
708.612352
706.675992
708.169652
716.237219
720.930552
715.904294
727.767198
726.388712
720.723599
725.071411
725.748057
726.104376
719.607853
719.893988
721.556810
721.263476
728.065930
723.606544
713.564826
707.647771
709.177423
705.470266
705.441472
706.711984
708.216442
709.530143
711.786830
712.884581
713.656605
718.205971
718.861022
721.729571
725.526708
724.423558
734.144949
758.322454
765.267076
762.171779
769.222577
786.622822
744.886708
731.251207
731.251207
723.151247
719.089571
714.657178
712.850389
711.615869
709.927853
709.647117
711.167771
715.960082
723.397791
725.829039
730.099468
729.807935
724.054642
724.356973
729.955501
728.701186
728.640000
727.885971
726.883599
724.034847
719.582658
714.394438
711.228957
711.426912
708.894888
709.110838
710.599100
712.157546
712.805399
712.634438
713.222904
716.917464
720.797382
720.752393
722.487198
733.441309
733.894806
732.347157
733.995583
731.303395
728.092924
730.410798
729.741350
743.288671
770.140368
733.774233
726.543476
721.456033
715.609162
712.933170
712.728016
715.308630
711.668057
710.829448
711.507894
716.273211
727.187730
728.938732
716.606135
716.960654
719.615051
720.320491
721.234683
721.020532
721.963517
723.388793
722.357628
722.112883
720.932352
720.595828
720.612025
720.111738
717.475337
714.880327
712.848589
710.672883
709.656115
704.523681
711.682454
710.314765
709.627321
708.731125
710.995010
710.273374
709.780286
711.347730
711.500695
711.855215
712.767607
713.129325
713.993129
714.421431
713.627812
712.189939
711.819223
711.948793
711.911002
710.447935
709.258405
706.670593
707.219468
705.661022
701.536360
703.323354
715.749530
719.759018
720.439264
721.488425
721.421840
719.552065
718.648671
718.053006
717.993620
719.800409
720.849571
722.609571
721.592802
716.472965
714.927117
714.300859
714.399836
713.357873
713.426258
713.285890
712.760409
712.418487
712.242127
712.071166
712.254724
712.143149
712.157546
712.333906
712.812597
713.077137
713.201309
713.276892
713.795174
713.998528
714.286462
714.637382
711.770634
709.992638
709.584131
709.053252
708.005890
707.647771
707.275256
706.881145
706.670593
706.756973
707.892515
721.405644
721.553211
710.296769
708.245235
709.839673
711.648262
712.670429
728.037137
766.116483
735.836564
733.252352
744.841718
764.248507
735.113129
714.864131
729.696360
729.608180
715.009898
713.397464
712.639836
713.127526
711.999182
712.704622
712.522863
713.919346
716.253415
714.615787
714.594192
714.896524
710.838446
710.543313
712.101759
712.661431
712.531861
712.573252
711.785031
711.633865
712.051370
711.842618
712.314110
711.729243
710.437137
710.941022
713.948139
715.083681
712.695624
710.474928
710.878037
711.383722
712.841391
712.746012
713.348875
713.949939
713.762781
713.604417
714.516810
721.051125
718.616278
716.487362
717.433947
716.233620
713.053742
713.667403
713.710593
713.877955
713.467648
712.850389
712.835992
711.160573
710.044826
709.890061
710.284172
713.885153
716.053661
714.858732
719.476483
718.051207
719.078773
724.063640
726.521881
727.493661
731.173824
730.462986
728.496033
738.364990
736.243272
724.659305
720.387076
712.602045
711.486299
711.162372
710.185194
709.326789
708.525971
708.482781
709.974642
710.230184
712.049571
712.589448
711.700450
714.099305
716.507157
719.298323
716.847280
714.308057
711.194765
709.495951
709.701104
709.522945
708.963272
710.338160
708.115665
709.852270
709.184622
708.995665
709.384376
709.539141
709.683108
709.056851
707.478609
708.121063
711.216360
712.279918
714.833538
716.167035
716.742904
718.758446
716.809489
715.198855
714.752556
712.911575
711.005808
710.647689
710.248180
710.939223
711.014806
710.266176
709.994438
710.145603
710.145603
709.693906
709.612924
709.825276
709.504949
709.481554
709.720900
709.614724
709.450961
709.699305
709.978241
710.741268
711.394519
712.634438
713.176115
714.117301
716.255215
720.039755
716.507157
714.209080
710.465930
708.977669
708.862495
709.103640
698.890961
693.465194
688.163599
695.079427
701.358200
703.478119
711.781431
710.748466
705.376687
705.385685
708.355010
706.064131
707.856524
706.972924
708.342413
710.638691
714.344049
712.051370
709.960245
708.765317
706.244090
705.434274
703.395337
701.689325
702.004254
702.232802
702.454151
702.306585
702.634110
703.951411
707.856524
706.915337
710.627894
731.218814
736.266667
760.496360
753.080245
750.884744
770.012597
774.857096
776.982413
782.426176
760.397382
718.490307
705.466667
703.285562
704.644254
703.173988
703.200982
699.968916
699.087117
698.516646
699.506421
701.986258
706.634601
709.029857
707.340041
706.366462
705.401881
705.801391
707.017914
705.742004
705.398282
706.404254
706.431247
704.847607
703.886626
703.623885
702.715092
701.880082
700.571779
701.093661
702.781677
709.006462
707.284254
705.313701
704.212352
703.600491
704.102577
703.784049
704.359918
706.569816
707.888916
708.669939
708.637546
708.241636
707.937505
708.498978
708.504376
709.981840
708.723926
707.570389
707.719755
707.381431
706.805562
706.328671
705.963354
705.351493
705.131943
705.101350
705.356892
705.965153
706.395256
706.413252
706.166708
706.674192
706.280082
705.839182
705.097751
704.912393
704.696442
705.344294
705.423476
705.776196
705.315501
704.806217
704.829611
704.617260
704.363517
704.066585
703.771452
703.103804
703.094806
703.238773
703.373742
703.695869
704.059387
704.799018
705.722209
705.846380
707.154683
709.217014
709.580532
710.339959
713.302086
713.116728
716.645726
715.587566
711.774233
707.356237
704.437301
703.973006
707.730552
701.165644
704.955583
703.910020
703.753456
703.971207
704.608262
707.852924
715.769325
721.366053
720.944949
728.881145
728.208098
727.023967
719.782413
715.924090
715.382413
715.027894
717.966626
720.615624
715.056687
710.240982
707.818732
707.334642
706.951329
706.206299
701.316810
700.233456
699.582004
699.481227
699.769162
713.982331
723.514765
715.866503
718.049407
721.151902
719.888589
725.483517
725.085808
721.628793
718.477710
718.142986
716.494560
717.451943
716.733906
716.409980
716.597137
717.300777
714.970307
711.806626
710.044826
709.137832
706.402454
704.489489
704.196155
708.135460
714.331452
714.223476
705.639427
708.479182
713.748384
709.830675
707.878119
709.083845
711.221759
711.705849
713.206708
714.473620
712.819796
712.186339
707.325644
708.194847
707.591984
704.680245
704.680245
705.661022
704.701840
704.403108
704.588466
706.587812
709.900859
713.942740
714.766953
715.335624
719.010389
735.856360
739.480736
742.068548
743.643190
745.363599
759.078282
764.307894
752.644744
728.224294
714.196483
705.941759
705.788793
705.866176
705.002372
704.336524
704.503885
704.946585
704.489489
707.566789
719.445890
717.748875
710.696278
708.252434
710.001636
709.236810
706.283681
706.989121
709.893661
710.692679
711.327935
709.479755
707.926708
707.197873
705.320900
703.976605
703.271166
703.393538
703.206380
702.808671
702.927444
702.567526
702.725890
705.862577
711.000409
712.173742
707.496605
706.562618
706.458241
703.987403
709.951247
717.910838
715.447198
710.098814
710.602699
713.870757
711.731043
710.379550
708.810307
707.541595
706.960327
705.502658
703.805644
704.039591
703.897423
701.923272
699.612597
699.126708
703.573497
710.665685
733.054397
722.427812
725.103804
752.032883
742.905358
753.596728
751.390429
752.801309
753.172025
757.068139
741.129162
723.539959
705.347894
701.541759
699.612597
700.766135
701.842290
705.340695
708.464785
707.050307
704.466094
706.479836
715.457996
735.890552
742.259305
765.166299
754.662086
747.451125
746.797873
746.011452
771.382086
741.175951
732.014233
731.548139
718.868221
710.374151
705.238119
702.139223
702.758282
701.246626
701.745112
703.048016
700.562781
698.102740
698.433865
700.987485
704.431902
707.278855
705.583640
704.628057
705.977751
705.101350
708.675337
709.740695
711.324335
709.931452
710.210389
709.276401
710.932025
710.917628
710.966217
710.989611
708.491779
704.689243
703.965808
701.950266
699.715174
698.863967
699.133906
702.202209
704.525481
707.032311
713.782577
714.560000
712.756810
717.925235
721.441636
721.567607
719.521472
722.217260
727.513456
726.892597
720.334888
717.030838
715.409407
712.940368
710.887035
709.486953
709.244008
709.215215
709.231411
708.590757
709.733497
714.237873
726.815215
732.005235
738.926462
733.871411
744.157873
757.724990
761.559918
758.871329
781.673947
799.740041
794.931534
775.208016
753.056851
722.510593
719.875992
712.843190
712.422086
709.173824
709.166626
707.746748
706.434847
705.466667
710.053824
720.237710
728.634601
740.101595
735.384867
736.577996
728.375460
716.170634
714.966708
713.519836
712.985358
713.811370
712.670429
710.806053
710.987812
710.120409
708.212843
704.858405
701.808098
700.442209
701.642536
701.970061
702.142822
702.967035
704.176360
705.547648
711.669857
720.394274
715.600164
734.630838
755.826421
797.519346
796.986667
748.541677
737.618160
730.162454
738.219223
722.971288
710.750266
700.215460
703.656278
702.060041
701.435583
701.523763
701.228630
700.911902
701.343804
701.512965
701.649734
702.430757
704.163763
710.753865
710.606299
712.717219
712.101759
714.390838
714.344049
714.577996
714.459223
718.601881
727.776196
724.466748
710.097014
707.282454
705.893170
703.742658
703.785849
703.164990
703.847035
702.448753
702.079836
702.011452
702.173415
705.320900
723.869284
736.389039
748.203354
738.881472
738.780695
760.332597
769.616687
755.416115
751.635174
751.798937
770.385112
810.462004
737.033292
721.524417
715.265440
709.386176
704.655051
702.983231
701.342004
700.314438
699.420041
698.241309
697.064376
705.725808
721.054724
712.598446
714.245072
716.591738
713.491043
716.935460
726.782822
727.171534
728.881145
730.167853
735.586421
737.740532
720.383476
710.980613
702.963436
695.714683
694.507157
694.715910
694.516155
693.549775
692.752556
692.203681
692.594192
693.985276
702.626912
701.854888
701.962863
711.986585
719.039182
730.387403
736.444826
735.419059
742.529243
742.318691
731.692106
723.961063
724.515337
714.846135
710.016033
705.167935
701.507566
698.378078
697.314519
698.270102
706.893742
702.547730
699.697178
700.820123
704.703640
706.562618
708.648344
707.955501
710.582904
710.836646
711.299141
711.137178
711.137178
710.192393
710.185194
709.859468
710.762863
711.916401
711.192965
708.738323
708.563763
708.529571
707.773742
706.357464
704.651452
703.857832
704.993374
706.643599
708.725726
710.339959
712.294315
713.433456
714.065112
715.186258
716.204826
717.117219
719.472883
725.397137
728.661595
732.789857
737.135869
735.937342
733.758037
733.831820
733.507894
730.871493
737.448998
743.853742
743.533415
750.478037
751.446217
751.856524
727.427076
722.408016
726.871002
728.433047
719.274928
716.816687
715.943885
716.519755
714.988303
714.146094
708.462986
709.593129
709.846871
705.106748
702.475746
702.695297
704.192556
701.289816
699.772761
699.387648
699.394847
699.286871
701.428384
704.158364
710.478528
721.754765
732.462331
732.777260
741.433292
763.469284
749.122945
746.722290
757.348875
767.793701
752.565562
761.041636
730.705930
710.107812
708.727526
706.103722
706.440245
702.700695
702.358773
701.613742
701.196237
701.554356
700.253252
701.957464
706.161309
712.679427
711.664458
704.489489
713.735787
716.129243
712.850389
711.610470
711.691452
718.013415
717.723681
718.513701
719.750020
719.483681
719.863395
720.545440
721.063722
722.847117
723.649734
719.098569
703.760654
704.053988
708.218241
715.447198
725.413333
729.212270
724.977832
732.924826
733.470102
718.258160
729.284254
729.653170
768.916646
793.653824
783.410552
754.124008
739.295378
734.666830
710.124008
709.049652
705.295706
703.317955
701.367198
699.528016
698.477055
698.318691
698.799182
701.892679
707.795337
708.493579
705.095951
703.708466
706.085726
706.137914
707.111493
705.765399
705.198528
706.868548
706.397055
706.438446
706.125317
704.590266
702.254397
700.848916
699.891534
700.291043
700.721145
700.458405
700.013906
699.128507
698.691207
702.141022
711.722045
726.883599
733.632065
727.700613
731.337587
747.598691
758.075910
757.886953
766.776933
765.043926
767.023476
760.453170
735.231902
710.968016
702.808671
701.370798
700.798528
700.521391
700.184867
698.716401
698.541840
698.271902
698.907157
700.066094
711.893006
744.363027
731.857669
767.694724
755.475501
738.991247
751.451616
737.704540
749.707812
761.270184
740.205971
730.628548
714.459223
714.667975
712.825194
704.863804
699.490225
698.820777
699.585603
701.118855
700.415215
699.794356
698.268303
693.278037
695.970225
699.860941
700.634765
701.836892
705.220123
707.737751
714.763354
712.490470
715.592965
722.195665
730.689734
738.931861
711.417914
704.165562
701.331207
697.764417
695.702086
691.951738
693.225849
693.736933
693.819714
694.006871
697.377505
699.733170
709.431166
720.549039
728.650798
726.993374
753.193620
746.722290
756.423885
754.305767
797.193620
829.192147
800.283517
727.815787
711.147975
699.423640
694.476564
692.326053
691.165317
688.546912
687.513947
687.163027
685.966299
684.483436
682.901595
685.134888
688.165399
691.626012
695.786667
699.375051
701.723517
701.629939
709.132434
725.627485
713.940941
705.884172
708.014888
707.185276
706.006544
711.758037
713.849162
707.390429
704.388712
700.424213
697.730225
695.622904
694.208425
694.620532
693.326626
693.852106
705.335297
720.450061
733.614070
762.092597
752.569162
813.015624
801.194110
831.013333
866.319509
876.983885
815.945358
782.154438
731.485153
703.134397
704.503885
698.993538
695.289980
691.771779
691.602618
693.420204
692.936115
695.921636
699.612597
703.218978
710.863640
709.199018
714.617587
721.049325
734.087362
740.731452
772.010143
760.577342
736.592393
726.982577
745.781104
789.388793
745.016278
708.471984
698.383476
694.982249
693.170061
700.681554
695.381759
690.414888
690.483272
694.258814
695.640900
696.760245
697.965971
699.427239
701.129652
705.040164
705.353292
706.083926
706.028139
705.455869
706.746176
708.990266
709.956646
706.256687
704.917791
705.056360
704.572270
702.909448
701.628139
700.742740
699.720573
698.892761
699.186094
698.599427
697.489080
698.142331
710.951820
715.420204
717.849652
750.458241
757.291288
798.861840
768.317382
804.273211
778.540859
752.128262
729.035910
732.743067
729.066503
727.337096
715.177260
703.866830
701.368998
699.900532
698.192720
697.121963
695.892843
697.688834
696.691861
700.208262
706.683190
723.237628
727.103149
738.003272
750.645399
746.060041
744.728344
762.576687
746.054642
763.242536
787.972515
759.384213
736.957710
713.769980
698.327689
697.147157
697.562863
694.375787
692.822740
692.513211
693.594765
694.102249
692.158691
692.662577
706.298078
724.860859
724.297587
727.270511
728.420450
725.996401
730.421595
732.748466
740.281554
735.060941
726.291534
715.778323
709.704703
698.547239
684.765971
688.860041
693.179059
694.634928
689.095787
686.250634
689.117382
694.377587
697.965971
698.232311
701.939468
704.399509
705.176933
706.810961
711.731043
708.887689
717.477137
719.422495
720.570634
715.794519
716.095051
719.780613
712.348303
714.000327
714.642781
711.227157
705.351493
698.306094
690.801800
689.095787
688.683681
687.729898
690.823395
695.365562
700.476401
705.310102
700.192065
700.884908
702.274192
706.055133
699.477628
710.158200
714.927117
717.351166
734.593047
713.422658
707.071902
704.921391
701.833292
700.832720
700.285644
699.227485
698.111738
696.862822
697.170552
694.561145
693.558773
695.297178
698.788384
703.881227
721.483027
727.761800
727.126544
722.049898
718.412924
720.072147
718.384131
725.841636
731.330389
716.496360
712.276319
710.264376
712.882781
710.995010
708.695133
709.028057
708.826503
712.341104
709.569734
691.877955
689.731043
690.053170
690.557055
694.206626
699.135706
698.585031
702.506339
703.123599
703.904622
705.567444
706.926135
708.558364
707.827730
707.041309
703.003027
701.950266
701.088262
700.568180
699.905930
699.225685
699.673783
700.294642
699.662986
699.756564
699.319264
699.484826
704.991575
714.628384
749.990348
794.926135
791.985603
792.588466
810.550184
802.583395
760.100450
792.953783
764.086544
735.228303
715.798119
701.955665
697.940777
695.482536
693.650552
691.807771
690.674029
689.295542
688.134806
685.987894
683.472065
684.305276
688.712474
693.684744
697.058978
699.535215
704.239346
705.079755
704.000000
704.899796
705.259714
706.159509
704.719836
701.480573
700.580777
697.341513
691.762781
688.883436
686.184049
682.584867
679.705521
675.746421
674.666667
673.766871
670.887526
671.067485
674.486708
678.625767
678.805726
679.885481
685.824131
692.482618
694.462168
692.302658
696.081800
702.020450
705.799591
697.521472
691.942740
688.523517
685.644172
683.844581
684.564417
683.124744
682.224949
681.865031
680.965235
678.445808
679.345603
682.224949
686.364008
689.243354
691.582822
692.842536
691.942740
691.762781
692.482618
693.562372
695.002045
695.901840
695.182004
690.143149
688.343558
687.263804
685.644172
685.104294
682.404908
679.345603
678.265849
678.085890
678.085890
677.905930
676.466258
676.286299
679.345603
677.006135
685.644172
690.143149
690.323108
695.901840
719.296524
769.145194
739.271984
728.654397
739.451943
706.519427
697.341513
693.742331
687.263804
689.603272
688.703476
686.184049
687.623722
689.783231
690.503067
690.143149
689.603272
696.981595
700.760736
705.799591
707.239264
708.858896
711.378323
714.437628
720.016360
724.515337
726.494888
730.993865
738.732106
717.137014
708.858896
703.640082
698.061350
689.423313
679.345603
679.345603
682.044990
681.145194
680.065440
679.705521
677.905930
680.605317
700.040900
750.789366
766.625767
795.059305
744.850716
755.828221
765.905930
771.844581
794.339468
787.141104
802.077710
796.678937
756.008180
722.175869
702.560327
692.482618
690.323108
687.983640
684.384458
684.564417
687.983640
688.703476
684.564417
685.284254
688.163599
703.460123
711.018405
716.957055
721.096115
730.633947
723.255624
728.114519
737.832311
738.732106
734.952965
732.253579
718.036810
706.519427
702.380368
696.081800
693.202454
690.323108
686.543967
683.844581
682.404908
681.145194
683.664622
693.382413
704.719836
741.611452
753.128834
756.188139
760.867076
745.210634
753.128834
744.130879
746.110429
754.748466
762.666667
732.613497
724.695297
718.396728
709.038855
703.640082
698.061350
691.942740
690.323108
686.364008
683.484663
682.224949
683.124744
683.124744
683.124744
690.683027
692.842536
691.942740
697.881391
705.799591
707.599182
709.938650
712.997955
719.296524
719.476483
716.777096
712.997955
712.997955
713.177914
708.139059
705.439673
703.640082
707.419223
704.359918
704.000000
697.341513
695.002045
696.801636
696.081800
697.161554
698.421268
697.881391
699.321063
699.860941
700.940695
702.380368
702.020450
704.179959
702.740286
700.760736
701.300613
700.220859
698.781186
698.061350
698.961145
699.680982
699.321063
699.501022
700.940695
701.120654
702.380368
703.640082
710.118609
717.316973
720.916155
722.175869
723.795501
722.535787
723.435583
722.535787
721.456033
728.294479
725.235174
714.437628
703.640082
696.261759
690.323108
688.703476
686.364008
687.623722
688.163599
688.343558
687.983640
687.623722
685.464213
683.304703
694.282209
739.811861
769.685072
745.390593
729.374233
712.638037
729.734151
751.869121
781.202454
822.053170
833.390593
781.022495
732.073620
715.337423
711.738241
712.458078
703.460123
692.122699
690.143149
689.603272
688.163599
687.983640
687.623722
685.824131
698.421268
733.693252
740.171779
735.852761
724.695297
722.715746
727.934560
736.572597
730.993865
750.429448
740.531697
727.034765
710.478528
701.480573
702.200409
697.521472
690.683027
692.122699
693.382413
692.482618
691.582822
693.022495
693.742331
695.002045
702.740286
713.897751
763.026585
831.950920
836.989775
855.165644
882.339468
864.163599
892.237219
890.977505
897.276074
794.699387
726.854806
711.738241
701.840491
697.161554
693.742331
690.862986
685.824131
683.664622
678.985685
678.805726
679.165644
679.885481
691.402863
716.237219
732.253579
699.321063
691.942740
703.640082
722.895706
704.359918
702.560327
696.081800
698.241309
707.779141
705.259714
697.881391
701.480573
707.059305
706.519427
709.218814
705.799591
703.280164
696.261759
686.723926
684.024540
693.922290
701.840491
702.380368
704.000000
711.558282
716.057260
728.294479
739.811861
754.568507
753.308793
739.811861
739.631902
739.811861
725.955010
705.979550
701.480573
693.922290
687.623722
683.124744
678.985685
678.445808
678.805726
680.245399
682.584867
683.124744
709.578732
719.656442
711.018405
706.519427
706.159509
711.918200
709.398773
710.478528
712.458078
714.077710
715.517382
705.619632
687.803681
688.163599
683.844581
683.664622
684.564417
684.564417
684.204499
683.124744
683.124744
683.844581
684.924335
686.543967
706.879346
744.670757
760.327198
773.104294
737.832311
736.392638
751.329243
740.171779
733.333333
733.693252
732.253579
718.756646
701.120654
692.662577
688.523517
687.263804
685.464213
684.024540
681.685072
680.605317
680.065440
680.065440
682.044990
685.284254
692.662577
705.259714
700.220859
715.517382
715.337423
731.713701
784.261759
775.803681
816.474438
811.435583
881.079755
806.576687
728.114519
701.840491
680.245399
678.265849
676.826176
676.646217
675.746421
676.466258
675.026585
673.946830
674.126789
673.047035
685.464213
721.456033
736.212679
740.171779
702.200409
702.380368
710.658487
711.378323
702.740286
705.439673
713.177914
715.337423
707.239264
686.364008
679.345603
675.206544
679.165644
676.106339
676.466258
675.206544
674.666667
676.646217
677.905930
688.343558
704.539877
711.378323
712.817996
719.476483
720.016360
723.435583
730.094070
739.991820
738.552147
739.092025
738.372188
731.533742
724.155419
719.296524
717.316973
707.599182
698.781186
693.922290
692.482618
689.783231
680.605317
680.245399
675.206544
677.905930
677.186094
715.157464
706.699387
710.298569
717.856851
719.296524
724.515337
719.476483
716.057260
712.638037
710.478528
703.640082
698.601227
690.862986
687.803681
685.644172
684.384458
685.104294
687.263804
687.983640
686.903885
683.664622
682.764826
684.744376
692.302658
716.417178
731.713701
810.535787
833.030675
854.265849
856.605317
1041.423313
988.515337
1038.903885
1013.349693
900.335378
739.811861
711.378323
703.820041
707.059305
702.560327
694.822086
678.985685
675.206544
672.867076
673.586912
676.466258
677.905930
691.942740
721.635992
743.231084
733.873211
723.975460
716.957055
725.775051
795.599182
849.226994
874.781186
804.057260
764.106339
701.840491
682.224949
674.846626
675.206544
672.867076
673.766871
671.967280
674.126789
674.486708
672.147239
672.147239
680.065440
703.460123
734.952965
726.854806
714.257669
720.556237
730.993865
738.912065
729.194274
714.797546
711.198364
706.699387
698.061350
689.243354
680.965235
680.245399
677.366053
670.887526
666.208589
668.188139
667.468303
667.468303
673.766871
678.265849
682.944785
687.443763
705.799591
744.130879
777.063395
819.893661
888.997955
907.533742
882.519427
824.032720
811.435583
804.777096
768.425358
740.351738
722.535787
712.458078
716.957055
698.421268
690.143149
680.245399
674.126789
671.967280
669.267894
679.705521
706.159509
699.501022
695.002045
700.400818
694.642127
695.541922
692.482618
698.241309
700.940695
702.920245
710.298569
704.719836
696.801636
692.482618
694.822086
679.885481
675.386503
670.527607
671.967280
669.627812
667.108384
663.869121
659.730061
660.809816
662.969325
695.182004
776.703476
850.846626
914.372188
1152.098160
1085.513292
1045.922290
1022.167689
1005.971370
1044.662577
995.353783
868.122699
785.341513
725.595092
682.944785
663.869121
665.488753
662.069530
659.010225
657.210634
653.431493
652.171779
658.110429
662.969325
689.963190
716.237219
715.337423
700.040900
704.899796
714.617587
709.218814
700.580777
698.961145
704.359918
696.801636
693.742331
686.184049
680.785276
677.006135
669.807771
666.928425
664.229039
660.629857
657.210634
657.750511
658.470348
657.750511
662.069530
677.006135
689.243354
684.384458
689.783231
704.899796
711.378323
699.860941
728.834356
757.987730
808.376278
848.867076
768.245399
732.613497
716.057260
688.703476
680.065440
678.085890
675.026585
673.047035
669.627812
669.087935
668.548057
666.208589
667.648262
705.619632
823.492843
863.803681
825.472393
842.028630
835.910020
797.578732
858.044990
842.928425
948.924335
982.936605
780.302658
766.985685
736.032720
701.660532
680.605317
666.928425
648.752556
647.492843
645.333333
648.572597
657.570552
669.807771
693.022495
718.036810
702.200409
698.781186
706.699387
705.979550
720.556237
766.265849
778.862986
777.063395
815.754601
805.856851
779.762781
761.406953
747.730061
723.975460
686.903885
674.846626
670.707566
667.648262
663.509202
665.128834
657.930470
658.290389
680.605317
721.456033
737.652352
916.351738
1008.490798
1021.627812
1112.327198
741.251534
691.402863
702.200409
702.020450
708.139059
695.182004
672.327198
661.709611
664.408998
667.828221
670.167689
671.247444
668.728016
659.730061
660.449898
659.010225
662.609407
669.447853
671.247444
680.605317
764.286299
790.560327
923.010225
804.237219
987.075665
958.282209
953.963190
1023.967280
958.282209
930.568507
763.926380
703.640082
653.791411
661.349693
653.071575
650.552147
646.952965
639.214724
642.633947
648.392638
652.711656
682.224949
688.523517
707.059305
698.241309
711.378323
708.858896
712.098160
708.678937
696.081800
698.961145
700.220859
709.578732
707.599182
698.601227
689.963190
677.905930
675.026585
673.047035
671.427403
670.347648
668.008180
667.648262
664.768916
662.069530
660.809816
670.887526
703.100204
697.161554
750.609407
895.476483
885.218814
1056.719836
1074.535787
1010.290389
1127.443763
990.314928
818.094070
817.374233
729.554192
698.601227
684.744376
677.366053
678.625767
659.730061
665.668712
671.787321
651.451943
653.071575
666.208589
698.421268
723.975460
720.196319
720.196319
744.490798
763.026585
786.421268
807.116564
822.413088
815.754601
816.834356
800.458078
765.366053
725.415133
710.298569
688.343558
682.404908
679.705521
673.406953
657.030675
665.668712
680.965235
686.543967
705.799591
712.278119
747.730061
800.278119
841.488753
856.605317
766.085890
729.914110
735.132924
727.034765
712.997955
736.032720
732.073620
703.640082
685.644172
671.247444
667.108384
670.707566
695.361963
681.145194
655.950920
652.531697
641.374233
639.394683
648.392638
674.126789
730.633947
733.333333
748.269939
777.603272
831.051125
849.047035
847.787321
936.327198
887.018405
980.597137
829.971370
744.670757
710.658487
696.621677
682.044990
670.707566
656.310838
645.333333
650.552147
653.791411
653.971370
649.832311
641.374233
657.930470
679.525562
735.492843
752.229039
829.431493
1037.464213
1041.783231
1103.149284
1209.145194
1092.531697
902.494888
997.693252
819.893661
776.523517
763.206544
714.437628
678.085890
656.850716
649.832311
641.554192
627.697342
634.895706
642.813906
647.132924
664.768916
672.867076
680.245399
689.603272
699.501022
718.756646
724.335378
737.292434
736.752556
739.631902
723.435583
711.018405
709.578732
707.599182
684.204499
661.889571
648.752556
646.952965
646.952965
637.415133
641.194274
642.094070
643.353783
642.094070
654.691207
707.239264
775.083845
804.777096
826.372188
799.198364
772.204499
759.787321
775.803681
783.182004
809.456033
746.650307
691.762781
669.627812
656.130879
645.333333
641.734151
650.552147
644.793456
642.453988
645.153374
642.813906
640.834356
639.034765
648.752556
674.846626
700.940695
747.370143
819.353783
810.535787
906.993865
890.437628
849.766871
899.435583
912.572597
839.869121
738.012270
661.169734
635.075665
634.535787
637.235174
636.335378
633.096115
633.096115
630.576687
630.576687
628.597137
633.096115
638.674847
641.554192
683.304703
776.163599
822.593047
903.394683
748.809816
721.815951
734.413088
744.670757
733.693252
697.521472
675.746421
663.689162
657.210634
652.711656
647.852761
644.613497
644.613497
645.153374
646.593047
641.014315
649.472393
650.732106
665.488753
705.259714
756.008180
752.768916
755.828221
773.824131
775.083845
788.940695
784.261759
786.781186
810.895706
776.343558
712.458078
673.047035
655.950920
646.593047
640.114519
637.415133
635.615542
633.995910
630.216769
629.676892
632.016360
632.196319
640.834356
653.611452
790.020450
803.337423
908.073620
945.865031
1065.357873
1095.411043
1010.110429
981.137014
1082.633947
862.723926
735.132924
678.985685
646.952965
635.435583
626.977505
627.337423
620.678937
623.918200
615.280164
621.938650
624.278119
623.198364
636.335378
638.854806
712.997955
762.306748
854.625767
791.280164
788.760736
822.773006
848.867076
912.032720
1014.789366
1002.732106
790.200409
749.889571
710.838446
673.946830
656.490798
654.151329
651.271984
649.472393
653.611452
651.451943
656.670757
674.306748
690.323108
697.701431
696.801636
692.122699
683.304703
692.662577
703.100204
706.159509
712.098160
718.936605
743.411043
722.715746
710.298569
692.842536
688.883436
676.826176
665.668712
663.689162
659.730061
657.390593
656.850716
660.089980
663.509202
670.347648
680.245399
679.525562
680.965235
703.280164
734.053170
763.746421
783.721881
784.261759
780.122699
794.159509
796.858896
756.008180
705.799591
659.910020
635.435583
633.815951
626.437628
622.658487
622.838446
623.018405
626.077710
621.578732
623.018405
624.638037
633.635992
655.950920
656.850716
725.775051
932.728016
941.547812
921.570552
976.098160
1167.574642
1264.392638
1079.034765
1012.269939
774.723926
673.047035
635.975460
606.102249
615.460123
614.560327
618.879346
618.879346
618.699387
622.298569
620.139059
622.658487
648.212679
688.703476
759.247444
786.241309
793.439673
811.435583
825.472393
802.077710
844.907975
850.666667
833.570552
731.173824
691.582822
664.408998
641.014315
632.016360
629.137014
624.098160
625.177914
627.517382
629.496933
631.296524
631.116564
630.936605
653.251534
696.981595
719.656442
717.676892
714.077710
680.245399
679.165644
700.220859
697.341513
698.961145
700.220859
689.783231
674.126789
663.329243
649.112474
642.993865
633.995910
625.357873
621.038855
616.899796
614.020450
609.881391
605.922290
613.660532
630.396728
653.791411
671.067485
680.785276
686.364008
689.963190
692.482618
698.421268
702.740286
710.478528
714.797546
708.319018
695.901840
677.905930
668.548057
666.928425
636.155419
647.132924
625.717791
614.740286
612.940695
613.300613
612.220859
616.359918
638.674847
659.550102
650.912065
653.791411
664.948875
681.865031
712.278119
740.171779
767.705521
784.621677
781.922290
727.574642
689.603272
680.965235
690.323108
706.339468
670.707566
657.390593
653.071575
652.531697
637.775051
623.018405
632.016360
637.235174
674.486708
676.826176
695.721881
714.437628
731.173824
721.815951
725.775051
707.779141
686.184049
694.642127
689.063395
688.523517
675.926380
657.930470
650.732106
636.155419
622.478528
606.642127
598.184049
598.004090
602.323108
607.721881
599.623722
598.184049
616.000000
675.746421
701.300613
720.736196
747.370143
750.429448
731.893661
715.697342
721.635992
728.294479
727.214724
715.697342
698.241309
661.529652
650.732106
639.934560
654.871166
630.396728
618.699387
617.619632
615.640082
611.141104
614.380368
617.259714
631.296524
663.509202
763.386503
789.480573
742.151329
741.071575
744.670757
772.384458
795.959100
878.020450
898.355828
769.505112
691.942740
651.451943
642.094070
634.715746
624.638037
619.059305
609.341513
607.361963
607.721881
607.901840
604.302658
603.042945
624.638037
669.807771
661.709611
684.564417
706.159509
706.159509
702.560327
710.658487
719.116564
694.282209
697.161554
698.961145
697.161554
693.202454
667.828221
655.770961
648.212679
644.613497
640.834356
641.194274
646.233129
643.173824
645.873211
637.955010
649.652352
665.128834
754.748466
723.615542
739.811861
792.539877
821.693252
826.912065
793.079755
799.378323
788.220859
730.453988
683.484663
660.269939
645.513292
633.276074
625.177914
618.339468
616.899796
617.079755
614.740286
617.619632
610.961145
616.179959
627.697342
681.865031
733.693252
755.828221
751.329243
838.249489
1008.850716
903.574642
841.308793
832.130879
843.468303
903.394683
773.284254
742.691207
702.020450
664.948875
635.615542
625.897751
630.756646
626.437628
620.678937
619.419223
623.918200
629.496933
642.993865
703.640082
743.950920
789.660532
809.456033
845.267894
862.903885
794.159509
810.715746
834.650307
823.312883
769.685072
696.981595
658.650307
642.633947
638.854806
636.335378
633.815951
632.016360
630.936605
632.196319
634.715746
637.055215
637.595092
650.552147
697.161554
748.089980
833.570552
847.787321
907.713701
899.075665
893.496933
896.556237
869.022495
862.723926
802.437628
719.476483
677.905930
647.672802
635.975460
630.396728
625.717791
624.458078
619.959100
619.239264
619.779141
624.997955
628.237219
640.654397
653.431493
670.347648
745.210634
883.419223
1004.711656
1003.991820
1028.646217
1106.388548
1124.204499
1130.323108
1074.355828
877.660532
742.691207
654.151329
626.617587
618.699387
619.959100
610.241309
604.842536
603.942740
605.202454
605.922290
615.820041
636.695297
673.047035
665.308793
666.208589
680.965235
684.024540
698.421268
699.860941
693.562372
703.460123
691.942740
699.860941
696.621677
674.126789
663.509202
658.290389
663.689162
652.351738
649.112474
644.613497
629.137014
627.337423
632.376278
642.993865
649.652352
668.008180
689.063395
701.480573
714.437628
721.815951
698.781186
709.758691
699.141104
698.781186
696.441718
682.404908
670.707566
664.768916
646.952965
628.777096
626.257669
626.797546
618.519427
615.640082
615.640082
615.820041
621.758691
621.758691
639.034765
685.464213
776.163599
827.092025
808.016360
891.157464
920.490798
955.582822
958.822086
934.887526
968.359918
995.353783
833.210634
718.036810
660.629857
634.535787
613.120654
616.359918
610.781186
604.122699
619.419223
642.453988
651.092025
647.312883
672.327198
714.257669
764.646217
950.184049
867.762781
910.773006
867.762781
789.120654
785.881391
801.357873
820.793456
767.345603
699.680982
638.134969
610.961145
611.860941
610.601227
607.721881
609.881391
608.441718
607.901840
607.182004
604.122699
627.337423
667.288344
753.128834
781.382413
818.633947
796.498978
774.364008
862.364008
888.098160
880.000000
856.065440
854.985685
775.803681
713.357873
688.883436
672.867076
645.513292
625.897751
614.560327
604.482618
595.664622
596.204499
592.425358
591.885481
590.985685
639.214724
645.693252
675.026585
699.860941
703.100204
702.380368
711.018405
740.891616
753.308793
823.312883
833.930470
762.486708
691.222904
652.891616
626.077710
614.560327
612.580777
609.161554
609.341513
607.721881
609.161554
609.341513
609.341513
614.740286
642.274029
686.184049
747.190184
837.169734
883.059305
914.012270
960.441718
976.997955
987.435583
948.564417
1022.167689
880.000000
745.750511
646.053170
623.918200
620.319018
615.460123
613.480573
610.601227
608.801636
603.942740
604.302658
606.102249
603.942740
636.515337
685.104294
785.521472
779.942740
821.873211
853.725971
817.554192
826.912065
839.869121
901.235174
836.809816
838.609407
701.840491
671.067485
653.431493
637.235174
632.376278
624.997955
626.617587
628.057260
619.959100
628.417178
626.077710
629.316973
674.846626
741.611452
785.701431
866.683027
912.392638
971.959100
934.887526
826.732106
786.961145
775.623722
821.693252
806.576687
735.312883
692.842536
674.666667
695.182004
694.282209
679.345603
651.271984
628.597137
618.159509
620.319018
609.161554
603.762781
623.738241
639.754601
658.290389
789.120654
835.910020
839.509202
814.314928
875.141104
889.177914
888.997955
981.316973
907.713701
754.748466
685.284254
625.537832
607.721881
609.701431
616.539877
611.860941
614.740286
606.102249
605.022495
618.519427
625.717791
642.813906
712.817996
770.404908
743.770961
714.797546
690.323108
688.523517
687.263804
680.965235
671.247444
675.386503
666.028630
655.591002
647.672802
638.314928
632.556237
628.237219
631.476483
629.137014
627.697342
632.196319
631.836401
635.615542
636.515337
650.192229
662.969325
696.981595
786.421268
802.977505
858.224949
884.319018
886.478528
962.421268
969.259714
1100.089980
1128.163599
798.658487
692.482618
642.813906
632.736196
632.736196
626.617587
633.276074
629.316973
634.535787
632.376278
634.355828
642.453988
659.190184
673.766871
676.286299
682.044990
692.842536
752.588957
734.773006
739.451943
758.527607
790.200409
815.394683
769.865031
704.359918
671.787321
647.672802
638.314928
634.355828
624.817996
629.316973
630.756646
629.676892
628.777096
625.717791
627.337423
644.793456
715.517382
805.316973
831.231084
904.654397
933.267894
808.196319
769.865031
770.404908
792.539877
848.867076
730.813906
690.862986
673.406953
652.171779
633.995910
623.558282
613.660532
612.760736
616.719836
624.997955
627.697342
629.137014
641.374233
659.370143
673.766871
678.085890
679.705521
680.785276
679.885481
679.885481
685.104294
731.353783
752.948875
752.229039
750.609407
690.862986
665.128834
655.950920
651.811861
640.294479
626.437628
610.241309
613.120654
609.701431
611.321063
603.042945
610.421268
676.286299
705.079755
732.613497
756.548057
777.063395
829.611452
765.546012
763.026585
746.650307
763.566462
742.151329
738.912065
693.562372
667.108384
639.394683
623.018405
621.398773
647.672802
649.652352
611.141104
601.423313
597.644172
595.124744
599.263804
626.437628
662.789366
672.327198
680.785276
711.738241
714.257669
736.572597
799.918200
806.036810
808.556237
785.701431
811.435583
754.568507
698.961145
650.372188
624.817996
608.081800
605.202454
602.683027
598.723926
600.343558
599.263804
598.184049
606.462168
662.609407
702.200409
713.177914
766.625767
808.196319
770.944785
808.736196
879.100204
821.873211
763.566462
798.298569
817.014315
703.820041
654.871166
615.640082
608.261759
603.582822
606.642127
594.944785
596.024540
596.204499
601.783231
599.983640
604.842536
623.738241
631.476483
637.415133
646.233129
650.192229
656.130879
662.609407
677.006135
683.484663
681.505112
693.382413
697.881391
697.161554
690.862986
675.746421
653.251534
650.372188
643.713701
643.353783
639.034765
648.572597
631.296524
639.934560
656.310838
673.406953
673.047035
687.983640
693.922290
695.901840
699.501022
698.961145
701.660532
703.100204
703.820041
704.719836
697.701431
684.744376
671.427403
663.869121
654.871166
653.071575
652.711656
648.212679
648.392638
646.952965
641.374233
632.916155
625.717791
674.666667
753.848671
763.026585
746.470348
788.040900
812.515337
838.609407
834.830266
863.443763
879.820041
974.298569
776.883436
691.582822
685.104294
679.885481
660.089980
645.153374
638.134969
661.349693
664.588957
654.511247
656.490798
659.190184
689.963190
733.693252
791.100204
909.333333
939.566462
990.854806
1007.591002
1057.439673
1119.345603
1104.049080
1153.897751
1139.321063
1058.159509
856.065440
715.157464
647.312883
623.018405
627.877301
637.595092
621.758691
616.179959
616.719836
619.599182
619.779141
624.638037
635.615542
668.008180
721.995910
908.433538
1030.985685
1047.361963
1099.370143
1050.241309
1153.897751
1106.568507
1187.190184
1037.104294
863.623722
754.388548
666.748466
628.237219
618.159509
619.059305
613.300613
620.139059
623.378323
623.558282
624.458078
636.695297
687.443763
787.141104
881.259714
826.012270
830.331288
878.740286
864.883436
901.955010
937.406953
936.687117
935.249243
1049.521472
825.652352
719.836401
672.687117
651.451943
642.094070
635.075665
625.717791
624.458078
634.175869
632.916155
641.374233
660.269939
708.139059
728.654397
755.108384
735.312883
748.989775
773.644172
790.560327
774.184049
768.605317
759.607362
820.793456
809.456033
712.098160
671.427403
649.832311
642.274029
638.674847
639.034765
638.134969
640.294479
640.114519
641.194274
642.094070
653.071575
681.145194
712.278119
721.456033
733.153374
737.112474
731.173824
734.413088
742.331288
752.948875
754.208589
757.447853
737.652352
691.762781
655.950920
638.314928
631.836401
626.077710
624.098160
623.918200
621.038855
622.118609
620.319018
624.278119
628.597137
643.353783
661.889571
674.126789
673.586912
674.846626
677.366053
677.725971
697.161554
691.222904
700.220859
696.801636
690.143149
695.901840
675.746421
682.224949
673.406953
642.453988
632.016360
634.535787
643.533742
653.071575
659.010225
640.654397
660.449898
676.826176
686.543967
692.302658
696.621677
701.840491
704.000000
697.521472
694.822086
714.077710
726.314928
721.096115
704.719836
708.858896
688.883436
664.948875
658.830266
651.451943
642.993865
641.734151
632.736196
634.535787
631.116564
628.057260
639.214724
701.660532
757.447853
759.787321
792.899796
809.096115
754.748466
816.114519
926.069530
974.838446
942.805726
943.885481
925.529652
853.366053
807.296524
751.689162
682.584867
636.875256
621.578732
616.539877
619.059305
612.580777
609.881391
604.842536
607.002045
615.820041
633.635992
644.253579
933.807771
888.278119
866.323108
979.157464
1122.224949
1204.466258
1064.458078
897.456033
923.010225
831.950920
720.556237
674.666667
660.089980
640.474438
635.615542
646.053170
629.676892
617.979550
619.059305
621.758691
632.556237
659.730061
669.447853
670.707566
678.085890
691.042945
711.018405
722.175869
727.754601
726.134969
758.347648
792.899796
850.306748
782.822086
700.220859
670.887526
654.691207
660.809816
653.431493
651.092025
637.235174
634.715746
647.672802
643.353783
648.572597
679.885481
691.042945
707.959100
731.713701
730.633947
709.938650
719.296524
722.895706
733.873211
740.711656
733.153374
717.316973
690.143149
672.147239
659.010225
650.552147
649.832311
648.932515
650.912065
649.472393
651.811861
646.413088
653.611452
666.028630
677.366053
692.482618
705.979550
708.319018
714.437628
717.676892
718.036810
720.736196
725.775051
713.717791
712.997955
708.319018
686.184049
669.987730
659.730061
654.331288
646.413088
639.034765
635.615542
637.955010
637.235174
639.214724
642.453988
646.593047
684.384458
736.212679
769.145194
806.396728
858.044990
854.805726
867.402863
885.038855
866.862986
913.472393
930.928425
899.255624
787.321063
689.783231
651.811861
637.415133
632.556237
629.316973
626.077710
627.517382
626.977505
628.597137
628.957055
644.613497
698.961145
753.128834
752.229039
810.535787
844.008180
859.844581
837.889571
835.910020
888.278119
850.126789
854.265849
845.267894
703.100204
665.308793
645.873211
632.196319
624.458078
624.098160
624.098160
627.157464
623.018405
627.337423
629.496933
642.274029
673.047035
673.946830
677.006135
695.901840
700.040900
704.899796
709.398773
701.660532
700.580777
696.981595
698.601227
687.983640
675.026585
662.249489
645.333333
630.936605
626.437628
627.337423
625.537832
626.077710
626.077710
626.257669
628.777096
637.235174
650.912065
654.331288
652.171779
655.231084
662.429448
674.846626
716.597137
726.674847
727.394683
750.969325
736.752556
738.732106
710.118609
685.824131
681.685072
671.247444
674.126789
669.807771
655.051125
644.433538
646.413088
644.793456
669.987730
688.883436
695.901840
710.478528
723.615542
743.051125
763.386503
758.887526
748.449898
739.631902
730.274029
725.415133
729.014315
730.813906
741.611452
743.231084
731.173824
729.374233
715.877301
699.680982
692.302658
674.846626
662.249489
656.850716
662.789366
667.468303
669.087935
666.748466
663.149284
654.331288
659.550102
673.047035
680.605317
687.263804
694.102249
696.621677
701.480573
702.380368
689.783231
681.505112
681.685072
667.288344
640.474438
634.895706
629.676892
626.257669
624.638037
624.278119
626.077710
636.515337
683.664622
766.985685
744.310838
710.658487
811.615542
914.732106
921.570552
908.793456
865.423313
874.781186
907.353783
881.979550
811.615542
732.073620
653.971370
639.214724
637.955010
628.417178
627.517382
628.957055
630.756646
632.196319
633.995910
652.531697
671.427403
720.556237
807.836401
729.014315
693.742331
702.740286
709.038855
707.419223
703.280164
695.182004
718.036810
712.638037
682.584867
666.748466
657.930470
651.271984
646.773006
640.114519
636.335378
635.795501
633.995910
636.515337
639.214724
652.891616
700.760736
749.529652
799.738241
876.580777
869.922290
898.535787
906.453988
924.089980
925.529652
878.920245
788.580777
764.826176
716.237219
679.885481
656.130879
650.552147
642.633947
642.274029
643.533742
642.094070
641.734151
642.094070
640.834356
651.451943
690.503067
731.173824
746.110429
716.417178
724.695297
747.550102
783.901840
888.458078
928.768916
924.989775
1051.680982
1012.809816
873.521472
738.372188
676.106339
645.693252
637.415133
640.834356
636.695297
639.034765
637.775051
636.515337
640.834356
653.431493
690.503067
734.952965
752.229039
743.770961
741.251534
748.809816
788.220859
770.404908
787.860941
773.284254
782.282209
826.192229
712.817996
662.249489
644.253579
633.635992
633.096115
631.296524
632.196319
630.216769
629.137014
629.856851
636.335378
651.991820
672.687117
668.188139
664.049080
664.768916
668.728016
673.766871
678.805726
686.543967
682.404908
684.204499
690.503067
681.505112
673.406953
666.388548
659.910020
652.171779
641.014315
632.916155
623.198364
621.758691
632.736196
626.977505
635.975460
654.691207
660.269939
670.167689
671.607362
675.386503
688.343558
698.601227
714.257669
720.736196
733.153374
720.376278
726.494888
711.378323
689.963190
690.683027
690.683027
684.024540
662.069530
651.451943
643.713701
640.654397
644.253579
640.654397
642.094070
649.292434
662.069530
680.065440
689.423313
699.141104
702.380368
703.640082
712.638037
715.697342
718.936605
709.758691
713.357873
707.419223
681.505112
653.971370
635.075665
629.676892
629.137014
632.376278
627.517382
632.916155
632.556237
634.175869
633.276074
640.474438
673.586912
720.016360
732.973415
772.564417
773.464213
782.822086
1021.087935
1037.284254
969.439673
1071.296524
1260.793456
1162.895706
937.226994
716.237219
682.944785
653.971370
628.957055
629.676892
628.957055
627.877301
627.517382
625.897751
626.977505
653.071575
721.995910
735.492843
743.591002
759.427403
787.501022
808.196319
759.427403
752.408998
779.222904
840.049080
844.368098
849.946830
784.801636
694.462168
648.752556
631.836401
632.016360
627.337423
629.676892
632.376278
637.415133
635.255624
636.695297
662.609407
712.098160
754.928425
767.885481
782.102249
761.586912
774.723926
776.343558
793.079755
867.042945
809.096115
815.934560
839.509202
720.736196
674.666667
651.631902
644.793456
642.813906
641.374233
642.453988
647.672802
650.732106
655.770961
659.550102
675.386503
697.341513
688.523517
695.901840
702.380368
704.539877
700.580777
706.699387
712.997955
727.034765
729.914110
735.852761
735.492843
711.198364
684.564417
670.527607
669.627812
663.869121
663.149284
660.989775
658.650307
660.269939
661.529652
662.969325
686.543967
709.038855
720.736196
726.494888
759.067485
754.928425
721.995910
915.631902
951.623722
1028.106339
1090.732106
1100.629857
960.801636
786.061350
779.042945
761.766871
718.756646
692.662577
670.347648
645.693252
639.574642
633.995910
633.815951
636.515337
667.468303
676.466258
747.910020
764.826176
798.118609
810.355828
766.085890
772.204499
792.179959
964.220859
898.355828
898.535787
1132.302658
903.394683
715.877301
687.443763
658.650307
642.813906
640.834356
643.353783
642.094070
642.633947
644.793456
649.472393
674.666667
705.259714
737.832311
825.832311
806.756646
855.705521
909.513292
877.480573
824.572597
866.862986
1011.910020
898.715746
891.517382
873.881391
745.750511
716.417178
695.721881
652.531697
654.151329
652.171779
653.611452
659.550102
672.687117
683.664622
691.942740
730.813906
735.132924
729.734151
752.588957
804.957055
894.216769
890.077710
865.423313
846.887526
889.357873
882.159509
856.425358
793.259714
744.130879
740.351738
719.836401
695.361963
674.486708
667.828221
664.049080
665.488753
669.807771
677.546012
712.278119
766.985685
749.709611
742.331288
755.468303
753.128834
734.773006
779.942740
783.361963
811.975460
870.282209
782.822086
832.130879
751.509202
709.758691
683.844581
667.468303
649.112474
645.153374
646.773006
647.852761
647.492843
643.713701
651.092025
679.885481
698.961145
759.067485
793.079755
849.946830
804.957055
896.196319
946.944785
855.525562
827.271984
1015.869121
1156.417178
1050.961145
1021.627812
804.777096
706.699387
680.245399
674.126789
666.208589
651.451943
650.912065
649.112474
649.832311
656.130879
680.965235
690.503067
731.533742
756.008180
826.912065
833.210634
838.969325
851.206544
896.736196
842.028630
970.879346
994.633947
905.194274
830.691207
723.255624
704.899796
686.903885
662.249489
648.572597
643.353783
646.053170
653.611452
650.912065
657.210634
698.601227
751.149284
805.316973
835.010225
868.662577
866.143149
859.664622
886.118609
892.597137
906.453988
889.897751
868.662577
859.484663
826.732106
759.427403
699.680982
676.646217
655.950920
649.472393
654.871166
657.570552
648.572597
650.012270
651.092025
667.288344
698.961145
717.496933
729.374233
869.382413
917.791411
915.631902
999.132924
1047.541922
1103.329243
1168.294479
1187.550102
1234.159509
1181.071575
837.709611
737.472393
718.216769
672.687117
667.468303
665.668712
665.308793
663.509202
664.229039
669.627812
679.705521
678.625767
692.302658
761.226994
902.134969
914.192229
883.959100
872.261759
874.601227
873.881391
911.312883
979.157464
1064.997955
965.660532
756.188139
698.061350
664.229039
663.329243
659.550102
662.429448
668.548057
676.646217
673.226994
676.646217
695.541922
726.674847
749.169734
780.122699
779.942740
743.231084
784.621677
797.218814
777.063395
839.329243
898.175869
856.605317
942.805726
1106.928425
938.306748
728.834356
681.685072
662.429448
660.089980
662.429448
664.588957
666.748466
667.468303
671.427403
698.961145
701.120654
721.096115
714.437628
746.110429
790.020450
799.018405
799.378323
824.752556
796.678937
767.885481
863.803681
905.194274
792.000000
724.335378
691.402863
667.288344
665.848671
665.488753
666.928425
670.167689
669.447853
667.648262
672.687117
690.143149
706.159509
699.860941
700.760736
702.560327
701.120654
697.161554
701.660532
704.359918
712.278119
703.100204
707.419223
712.638037
708.319018
700.220859
693.022495
690.503067
687.263804
685.644172
683.844581
679.345603
673.406953
673.586912
676.466258
684.924335
706.879346
719.116564
737.472393
749.709611
767.345603
777.603272
770.764826
749.889571
752.408998
767.345603
770.044990
773.284254
745.210634
708.858896
688.883436
685.104294
687.443763
689.423313
690.323108
687.083845
686.903885
687.983640
689.963190
704.899796
736.572597
758.347648
751.869121
779.942740
870.462168
840.408998
862.543967
886.658487
851.026585
774.184049
751.869121
775.083845
765.725971
737.832311
718.576687
699.321063
688.703476
685.644172
684.024540
682.944785
681.865031
682.044990
686.723926
695.182004
718.216769
757.627812
777.963190
821.693252
849.406953
820.613497
871.721881
882.339468
848.867076
908.073620
887.558282
939.386503
942.447607
804.057260
737.652352
703.820041
685.104294
680.245399
678.625767
677.905930
676.826176
677.366053
686.364008
718.036810
732.073620
741.971370
782.102249
748.269939
755.828221
776.343558
817.554192
780.302658
795.599182
806.936605
786.961145
791.640082
769.325153
740.531697
713.357873
699.860941
685.644172
682.584867
678.445808
679.525562
684.024540
688.343558
700.400818
696.981595
729.014315
761.586912
745.030675
706.699387
718.036810
743.770961
769.505112
773.464213
747.910020
758.347648
791.820041
795.239264
791.100204
724.335378
701.840491
689.783231
683.304703
681.325153
680.785276
683.124744
684.384458
685.464213
690.683027
709.578732
727.034765
744.490798
739.811861
732.973415
736.392638
734.952965
730.094070
744.670757
754.928425
755.108384
777.063395
795.959100
767.705521
719.476483
712.638037
710.838446
706.159509
693.562372
691.582822
681.505112
677.905930
677.905930
679.885481
682.584867
684.744376
686.364008
688.703476
702.020450
703.100204
690.683027
690.143149
692.842536
693.382413
690.323108
690.683027
694.102249
690.862986
684.384458
680.965235
678.985685
678.265849
678.085890
677.725971
677.006135
676.826176
677.186094
679.345603
688.163599
700.760736
710.478528
714.437628
714.797546
719.656442
726.314928
724.875256
730.813906
734.952965
737.472393
746.470348
746.290389
740.891616
710.658487
691.402863
685.644172
683.844581
682.044990
680.965235
680.245399
680.425358
680.605317
686.004090
695.361963
714.077710
729.914110
734.952965
743.591002
761.226994
760.867076
742.691207
750.429448
746.470348
752.049080
739.451943
736.212679
713.897751
697.161554
687.623722
681.865031
683.124744
686.543967
687.263804
686.184049
681.145194
681.865031
682.764826
682.584867
680.425358
677.905930
678.085890
677.905930
677.725971
678.625767
681.865031
682.944785
684.384458
687.443763
689.243354
691.402863
693.562372
696.441718
700.220859
696.801636
692.662577
688.703476
687.803681
687.443763
687.083845
687.803681
688.163599
689.783231
687.443763
687.263804
686.723926
685.824131
686.364008
687.983640
689.603272
690.503067
689.783231
690.143149
690.323108
689.963190
687.803681
687.263804
686.903885
686.004090
686.364008
686.364008
685.284254
684.924335
685.464213
686.184049
687.623722
688.703476
689.603272
690.683027
689.963190
687.263804
686.543967
687.983640
687.443763
685.464213
685.104294
686.364008
686.364008
686.004090
685.824131
683.124744
680.965235
680.065440
678.445808
677.725971
677.366053
677.186094
677.546012
677.366053
679.525562
690.862986
715.517382
705.979550
694.642127
730.633947
765.006135
777.063395
776.523517
790.020450
811.255624
815.034765
818.993865
819.893661
802.977505
759.967280
724.335378
686.184049
680.965235
682.944785
680.605317
681.505112
682.944785
685.824131
689.423313
693.022495
704.539877
713.717791
717.856851
722.715746
723.255624
728.654397
725.055215
706.879346
703.460123
701.660532
700.760736
702.020450
701.840491
700.400818
693.202454
689.603272
683.484663
682.044990
681.865031
681.325153
680.965235
683.124744
687.083845
704.000000
711.378323
701.300613
705.979550
725.955010
763.746421
732.073620
716.957055
711.378323
707.959100
704.719836
708.498978
705.619632
704.000000
696.801636
696.801636
696.981595
696.261759
693.742331
690.862986
688.343558
687.263804
685.824131
685.284254
689.423313
690.862986
695.361963
696.621677
711.738241
750.249489
753.308793
745.390593
749.709611
750.789366
757.267894
742.151329
735.492843
726.854806
712.997955
700.760736
695.901840
693.382413
690.683027
689.963190
689.963190
687.983640
687.623722
690.683027
698.781186
702.560327
705.079755
698.601227
701.480573
717.856851
713.717791
707.599182
702.380368
704.000000
702.200409
695.901840
692.842536
699.321063
698.241309
694.282209
694.642127
698.961145
694.822086
692.482618
690.862986
689.423313
689.603272
690.323108
690.683027
690.323108
691.222904
691.042945
691.402863
690.862986
689.603272
691.762781
696.801636
705.439673
704.719836
709.938650
712.098160
712.638037
707.779141
694.642127
687.623722
687.083845
685.104294
686.004090
686.184049
686.723926
687.083845
690.683027
690.683027
692.842536
707.419223
713.717791
720.016360
687.983640
686.723926
686.184049
686.543967
687.983640
686.184049
687.803681
687.983640
689.063395
688.703476
687.983640
687.983640
687.803681
686.903885
686.364008
686.184049
686.364008
686.184049
688.163599
692.662577
696.621677
701.300613
709.938650
708.319018
709.938650
714.797546
708.678937
716.417178
707.239264
704.899796
700.220859
698.061350
697.341513
694.822086
689.783231
689.063395
688.883436
688.703476
687.983640
687.083845
686.723926
686.543967
686.364008
687.263804
688.883436
690.323108
687.803681
686.903885
687.983640
688.883436
689.063395
690.143149
693.202454
695.541922
698.241309
703.640082
706.339468
700.400818
694.822086
694.462168
692.662577
692.122699
692.302658
691.942740
692.122699
693.562372
693.202454
694.462168
697.341513
700.220859
700.940695
699.680982
696.621677
697.341513
694.102249
693.202454
695.182004
694.822086
693.202454
694.102249
699.860941
705.079755
693.382413
690.503067
690.503067
693.202454
695.901840
693.562372
694.282209
695.541922
696.621677
696.441718
693.742331
695.721881
697.341513
699.501022
701.300613
703.460123
705.439673
706.159509
703.460123
705.439673
706.159509
705.979550
704.539877
710.838446
705.979550
701.840491
699.141104
699.501022
698.421268
697.881391
698.601227
700.220859
703.280164
706.339468
703.100204
704.539877
709.038855
709.758691
709.758691
713.537832
717.676892
721.995910
729.194274
734.413088
727.034765
720.016360
712.098160
708.498978
708.498978
706.339468
702.560327
703.460123
702.380368
699.860941
699.680982
700.040900
701.840491
703.460123
704.539877
705.079755
704.359918
707.239264
705.259714
703.100204
704.359918
705.079755
706.879346
707.239264
704.359918
705.979550
700.400818
695.541922
694.102249
694.462168
695.541922
696.621677
699.680982
700.940695
700.940695
702.020450
705.259714
710.118609
712.997955
714.257669
718.036810
715.697342
707.779141
703.640082
704.719836
704.359918
704.719836
707.059305
708.319018
709.578732
709.578732
708.678937
704.179959
702.560327
702.020450
700.760736
699.680982
698.061350
697.701431
698.781186
704.179959
714.077710
720.196319
719.836401
720.916155
714.617587
718.396728
713.537832
715.517382
716.417178
720.016360
718.036810
713.357873
714.797546
711.558282
708.139059
705.619632
701.660532
698.961145
698.241309
697.161554
696.441718
695.541922
696.801636
699.501022
702.920245
703.640082
702.200409
701.120654
702.740286
710.478528
720.376278
712.997955
713.897751
720.556237
723.975460
731.893661
730.094070
742.691207
720.556237
712.278119
709.398773
707.599182
707.239264
705.259714
703.460123
703.640082
706.519427
712.098160
725.415133
737.112474
748.089980
744.130879
740.711656
736.392638
741.071575
746.650307
745.570552
718.756646
711.198364
713.357873
723.975460
723.795501
714.797546
710.838446
709.218814
706.339468
705.259714
703.280164
703.460123
702.020450
705.259714
714.257669
720.556237
718.396728
720.556237
721.096115
721.995910
712.098160
720.916155
724.335378
725.415133
723.795501
698.961145
703.460123
713.897751
732.253579
742.331288
739.991820
741.071575
735.852761
732.793456
726.854806
717.856851
715.337423
713.717791
715.877301
716.777096
716.237219
715.877301
714.077710
711.738241
712.278119
709.758691
709.218814
708.498978
707.059305
705.619632
703.280164
703.280164
702.560327
701.660532
701.300613
700.760736
699.141104
698.061350
699.141104
698.781186
698.421268
698.781186
699.860941
698.421268
698.421268
699.321063
699.141104
698.961145
697.881391
698.061350
698.421268
697.341513
697.161554
697.161554
696.801636
696.261759
696.261759
695.002045
694.822086
695.361963
695.361963
695.721881
695.182004
695.182004
694.102249
692.662577
694.642127
697.521472
701.120654
704.899796
707.779141
711.018405
714.437628
717.137014
718.036810
723.435583
724.155419
720.016360
725.595092
734.413088
749.709611
732.253579
725.595092
722.715746
707.059305
697.881391
696.441718
699.860941
702.200409
702.740286
710.838446
728.294479
732.793456
722.535787
723.615542
761.586912
773.644172
749.349693
767.885481
794.699387
775.623722
753.668712
752.588957
756.368098
754.028630
716.597137
719.836401
718.396728
709.398773
703.100204
707.419223
710.838446
704.179959
700.940695
699.680982
701.120654
704.359918
709.038855
710.838446
713.357873
717.856851
725.595092
726.314928
729.014315
727.034765
733.513292
734.053170
741.791411
740.891616
727.754601
713.897751
704.899796
699.860941
694.822086
694.282209
693.382413
693.382413
693.742331
698.781186
713.717791
725.775051
734.053170
721.635992
720.016360
720.016360
722.895706
720.736196
719.476483
720.016360
717.316973
720.376278
723.435583
719.296524
710.478528
701.480573
698.601227
695.361963
694.642127
695.002045
696.621677
696.261759
698.601227
701.840491
711.198364
707.599182
705.619632
706.339468
709.218814
711.738241
712.458078
714.437628
717.316973
719.116564
719.476483
718.576687
716.957055
716.057260
716.777096
716.057260
714.257669
708.319018
703.460123
702.560327
703.280164
704.539877
699.680982
702.380368
703.100204
706.339468
702.740286
704.359918
705.799591
707.059305
708.498978
712.817996
714.437628
715.517382
714.977505
713.897751
715.157464
716.417178
719.476483
723.255624
719.116564
717.316973
720.016360
714.977505
716.057260
715.697342
715.697342
714.617587
715.157464
717.316973
718.036810
725.955010
733.513292
734.952965
748.449898
737.472393
726.854806
725.055215
714.977505
710.478528
712.997955
715.157464
716.597137
718.576687
715.697342
708.319018
702.380368
699.680982
696.621677
695.901840
696.981595
697.521472
698.421268
698.781186
700.220859
701.660532
704.719836
699.321063
698.421268
700.220859
701.660532
707.059305
708.139059
707.959100
711.738241
709.758691
705.979550
699.141104
696.081800
696.621677
695.002045
694.282209
693.742331
694.102249
695.901840
705.079755
715.877301
722.175869
722.355828
721.096115
718.036810
718.936605
727.394683
725.955010
735.132924
735.852761
735.312883
732.073620
741.971370
739.631902
722.355828
716.237219
714.257669
712.638037
709.578732
703.820041
702.020450
701.660532
707.059305
743.950920
720.556237
706.699387
710.478528
720.556237
726.854806
717.496933
712.997955
711.738241
708.319018
708.139059
710.838446
707.239264
709.398773
706.159509
706.879346
704.000000
701.300613
700.040900
698.061350
696.981595
695.182004
695.361963
698.961145
704.539877
709.218814
714.437628
718.216769
732.073620
734.413088
736.392638
746.650307
763.026585
748.989775
749.709611
753.308793
774.903885
818.453988
823.132924
778.323108
720.736196
700.580777
699.321063
698.421268
697.881391
699.680982
696.801636
700.940695
710.298569
713.897751
721.995910
720.556237
717.676892
715.517382
711.198364
704.359918
703.280164
701.120654
700.760736
698.961145
700.580777
700.220859
700.760736
699.860941
699.860941
697.881391
698.421268
696.621677
694.282209
693.022495
691.762781
693.742331
701.660532
720.736196
726.314928
709.038855
721.096115
723.435583
743.591002
752.588957
782.462168
779.402863
787.141104
754.748466
738.372188
726.134969
720.916155
709.398773
700.040900
688.703476
693.562372
694.642127
694.642127
693.382413
686.004090
695.541922
703.460123
707.779141
710.478528
710.838446
706.879346
707.419223
711.918200
715.517382
714.797546
711.558282
716.237219
720.736196
719.116564
722.175869
717.137014
705.979550
698.241309
695.361963
697.521472
697.881391
696.801636
696.981595
697.341513
699.860941
708.498978
716.777096
716.237219
710.838446
724.335378
710.478528
713.897751
716.057260
730.633947
741.791411
734.593047
741.251534
751.869121
746.830266
738.372188
718.576687
712.278119
706.699387
700.040900
700.040900
700.940695
701.840491
702.920245
704.000000
729.914110
714.077710
721.456033
720.736196
729.734151
730.993865
732.253579
722.715746
724.875256
728.114519
734.952965
732.073620
732.613497
727.934560
725.595092
709.218814
696.441718
695.721881
694.642127
692.482618
691.222904
690.143149
691.942740
708.678937
716.957055
724.155419
727.574642
722.715746
720.916155
721.096115
721.995910
721.276074
727.034765
732.613497
729.734151
722.355828
728.294479
729.194274
748.089980
751.329243
727.394683
718.756646
714.617587
709.398773
706.879346
707.239264
707.059305
715.517382
716.417178
711.558282
710.298569
711.558282
714.077710
721.276074
731.713701
742.151329
748.809816
738.912065
743.051125
730.813906
719.116564
721.815951
733.513292
739.271984
726.494888
723.435583
707.779141
701.840491
701.660532
700.580777
700.580777
700.760736
707.239264
712.997955
727.934560
733.693252
724.335378
725.775051
727.934560
734.053170
720.556237
712.638037
713.537832
715.157464
720.376278
724.875256
719.656442
716.777096
706.339468
703.460123
703.100204
703.280164
704.000000
701.300613
701.840491
704.179959
711.738241
714.797546
715.697342
712.817996
723.435583
727.214724
728.294479
723.435583
723.435583
717.316973
716.777096
714.437628
713.897751
717.137014
716.957055
716.957055
716.597137
714.257669
699.321063
706.159509
697.521472
696.981595
698.241309
700.400818
708.498978
710.658487
710.298569
713.717791
720.196319
721.635992
721.635992
724.515337
724.155419
724.335378
725.415133
731.353783
732.793456
734.413088
732.073620
726.854806
723.795501
722.715746
721.276074
725.595092
734.773006
730.813906
727.574642
724.335378
718.576687
715.877301
711.018405
706.699387
706.519427
705.619632
704.719836
705.079755
705.079755
707.239264
706.519427
706.339468
705.079755
705.079755
709.578732
705.619632
704.719836
703.280164
702.200409
702.020450
700.580777
699.860941
701.300613
701.660532
702.740286
755.828221
765.006135
737.652352
737.292434
730.453988
717.137014
730.813906
733.693252
720.376278
722.175869
725.955010
742.331288
743.411043
730.993865
722.175869
718.036810
713.537832
706.519427
705.439673
703.100204
699.860941
699.860941
702.020450
702.200409
702.740286
702.200409
704.000000
705.619632
715.697342
711.378323
711.198364
711.918200
711.378323
710.298569
711.018405
710.478528
711.378323
710.658487
711.018405
709.578732
708.498978
708.858896
707.959100
706.879346
705.079755
703.280164
705.259714
705.439673
705.439673
711.018405
711.558282
705.799591
710.118609
710.658487
710.838446
711.378323
710.838446
711.558282
712.997955
715.157464
720.916155
721.456033
721.276074
717.316973
712.817996
708.858896
706.879346
704.899796
705.259714
705.259714
711.738241
729.374233
722.175869
717.856851
719.296524
724.335378
737.472393
730.633947
726.854806
726.494888
729.374233
730.813906
729.194274
732.073620
734.233129
734.952965
731.173824
729.914110
726.314928
720.736196
713.177914
714.617587
710.658487
714.437628
710.838446
708.858896
736.572597
756.548057
745.390593
751.509202
765.186094
738.372188
735.852761
738.552147
744.310838
749.889571
759.067485
748.269939
747.010225
785.881391
749.169734
725.775051
722.535787
719.836401
716.597137
713.897751
710.658487
710.298569
711.738241
721.276074
728.474438
746.650307
748.809816
753.848671
766.445808
750.429448
744.490798
759.427403
777.603272
773.284254
789.120654
791.280164
794.339468
801.897751
763.566462
733.333333
723.255624
716.417178
710.658487
705.439673
702.740286
701.480573
708.139059
707.239264
716.057260
729.014315
758.347648
763.746421
748.629857
761.406953
787.860941
769.685072
756.728016
753.128834
742.871166
757.627812
752.408998
760.867076
740.351738
727.574642
723.435583
717.137014
714.257669
711.738241
712.997955
713.177914
718.396728
720.016360
722.895706
724.335378
725.415133
726.494888
727.034765
728.474438
729.734151
726.134969
724.335378
721.815951
721.635992
720.556237
719.836401
721.276074
718.756646
715.337423
707.959100
705.979550
706.159509
705.979550
705.799591
705.799591
707.239264
717.496933
729.734151
729.194274
732.793456
749.349693
730.094070
728.294479
731.173824
742.871166
748.089980
741.791411
750.429448
758.707566
765.546012
785.701431
772.204499
757.807771
748.809816
741.791411
741.251534
748.629857
751.689162
750.429448
750.969325
755.288344
749.169734
747.730061
735.132924
713.537832
707.419223
706.879346
705.259714
710.658487
712.997955
713.357873
713.897751
713.897751
711.018405
708.319018
708.498978
709.218814
707.959100
706.159509
702.740286
704.359918
702.740286
700.940695
699.141104
702.560327
706.879346
708.498978
711.018405
707.959100
707.779141
707.239264
708.858896
710.118609
711.558282
709.578732
707.059305
703.280164
700.760736
698.241309
699.501022
699.141104
698.961145
697.701431
698.061350
698.061350
697.881391
697.881391
698.601227
698.781186
699.680982
701.300613
701.660532
701.480573
702.380368
702.740286
704.719836
706.159509
706.339468
706.699387
705.619632
705.979550
707.419223
711.378323
710.298569
706.159509
703.100204
700.760736
700.940695
701.480573
702.200409
701.660532
702.560327
715.877301
725.415133
733.693252
733.873211
736.032720
728.474438
734.593047
736.752556
734.053170
738.372188
733.333333
730.633947
737.832311
753.308793
741.431493
727.214724
716.957055
716.777096
714.797546
712.997955
712.997955
712.278119
712.817996
719.836401
723.075665
736.572597
735.852761
739.451943
738.912065
741.611452
745.750511
732.073620
722.895706
742.151329
804.597137
760.507157
756.188139
852.826176
847.787321
782.642127
751.689162
730.813906
732.793456
724.155419
724.515337
722.535787
733.153374
739.451943
756.728016
749.169734
729.014315
718.576687
711.558282
711.198364
712.458078
713.177914
713.537832
713.357873
714.257669
711.378323
709.038855
706.879346
707.059305
707.419223
707.599182
705.079755
701.480573
700.760736
700.760736
700.940695
699.860941
700.220859
704.539877
708.139059
709.938650
710.658487
711.378323
712.817996
716.957055
725.595092
729.554192
749.529652
766.085890
757.267894
760.147239
752.229039
751.869121
763.566462
724.515337
712.098160
702.560327
698.061350
696.801636
698.421268
698.601227
701.120654
704.359918
704.899796
707.959100
707.599182
707.059305
706.339468
706.339468
705.799591
711.378323
709.578732
706.699387
705.799591
706.519427
707.959100
708.678937
709.938650
707.779141
705.259714
704.359918
707.059305
705.259714
709.398773
708.319018
713.537832
702.380368
700.580777
700.940695
702.560327
702.380368
703.100204
704.899796
704.539877
704.539877
704.719836
705.619632
704.359918
702.920245
702.740286
704.000000
704.179959
703.460123
702.380368
702.560327
703.100204
702.740286
703.100204
702.380368
703.100204
704.359918
705.079755
706.699387
705.799591
705.439673
707.779141
708.678937
709.578732
710.478528
710.838446
711.738241
710.298569
711.018405
713.717791
712.458078
709.218814
705.619632
704.899796
705.259714
705.439673
704.719836
704.359918
704.539877
704.719836
705.439673
706.879346
707.779141
710.298569
711.918200
714.077710
714.077710
714.977505
720.196319
719.836401
720.016360
719.296524
719.836401
720.016360
721.456033
720.916155
713.177914
705.979550
704.000000
704.899796
705.079755
703.460123
702.920245
705.439673
715.697342
718.936605
723.075665
717.137014
711.738241
712.458078
712.638037
713.177914
713.897751
712.997955
716.417178
716.777096
718.756646
720.916155
721.995910
722.355828
716.057260
711.378323
710.478528
710.478528
709.038855
707.419223
706.519427
708.319018
714.617587
723.255624
727.934560
730.094070
728.294479
724.515337
727.214724
725.955010
730.094070
727.934560
725.055215
723.975460
724.335378
721.815951
720.016360
717.137014
715.517382
714.437628
714.077710
711.378323
708.139059
706.879346
706.519427
706.339468
708.858896
711.378323
713.537832
713.897751
713.177914
713.717791
714.077710
714.077710
711.378323
710.298569
710.838446
712.278119
714.077710
715.517382
716.777096
715.517382
713.897751
712.817996
714.077710
713.537832
712.458078
713.717791
715.877301
715.697342
728.114519
737.472393
730.453988
717.856851
712.997955
711.738241
711.018405
712.098160
711.198364
711.378323
710.478528
712.638037
715.877301
717.676892
719.656442
719.656442
712.278119
719.836401
718.396728
718.756646
721.456033
721.995910
724.515337
722.175869
719.836401
716.237219
712.458078
711.198364
714.977505
713.177914
710.838446
713.177914
706.339468
704.719836
704.179959
703.820041
704.000000
704.539877
704.539877
704.179959
703.460123
703.280164
703.280164
703.100204
703.640082
704.719836
706.159509
707.059305
708.139059
709.578732
709.218814
709.578732
710.118609
713.177914
712.638037
709.578732
715.157464
714.257669
713.357873
710.838446
714.977505
715.517382
713.537832
712.817996
713.537832
710.298569
710.298569
708.498978
708.678937
708.678937
709.758691
711.738241
711.558282
714.077710
715.337423
714.977505
714.257669
714.437628
717.856851
718.936605
724.515337
724.515337
717.856851
718.756646
723.435583
722.535787
726.134969
746.830266
749.349693
748.449898
749.529652
729.014315
715.877301
714.077710
714.437628
722.535787
730.813906
733.153374
738.372188
742.151329
737.652352
739.631902
741.791411
741.071575
739.991820
747.370143
743.051125
744.670757
734.952965
735.672802
733.153374
730.993865
725.955010
723.795501
721.276074
720.016360
718.216769
718.036810
719.116564
721.456033
721.456033
720.376278
719.116564
718.396728
719.296524
720.376278
722.175869
723.975460
726.674847
733.153374
736.212679
738.012270
732.973415
728.834356
734.053170
734.773006
732.253579
731.353783
727.754601
727.754601
728.294479
726.674847
725.595092
725.235174
731.173824
727.934560
727.934560
726.494888
730.274029
730.813906
727.214724
722.355828
722.355828
715.337423
711.738241
710.838446
709.938650
710.118609
707.959100
706.519427
707.059305
707.059305
706.699387
705.799591
706.159509
705.079755
704.000000
704.359918
705.259714
706.339468
708.139059
710.298569
711.738241
710.838446
711.558282
712.458078
715.337423
716.057260
717.856851
716.777096
718.036810
719.116564
718.756646
720.196319
719.836401
716.057260
712.638037
711.918200
711.378323
711.558282
710.838446
713.717791
720.016360
721.096115
722.535787
722.895706
724.335378
724.515337
725.415133
721.635992
721.995910
719.116564
720.736196
723.615542
724.515337
724.155419
725.595092
728.294479
729.554192
725.775051
725.595092
717.676892
718.396728
722.175869
719.836401
722.355828
722.175869
725.415133
727.034765
729.554192
729.554192
730.453988
751.869121
776.523517
748.809816
747.370143
763.386503
783.361963
777.603272
799.738241
784.441718
788.580777
783.361963
763.386503
751.329243
750.969325
742.871166
740.711656
735.672802
734.233129
736.392638
743.591002
749.709611
753.488753
749.709611
744.130879
743.231084
746.290389
746.830266
747.190184
748.629857
749.169734
750.429448
754.568507
750.069530
749.529652
749.529652
743.231084
741.971370
736.392638
728.294479
726.134969
724.335378
715.337423
714.617587
714.257669
716.057260
717.856851
719.116564
718.756646
723.435583
722.175869
725.235174
731.893661
730.633947
730.094070
730.633947
726.314928
721.815951
726.674847
726.854806
725.595092
723.255624
716.957055
715.157464
713.357873
713.897751
714.797546
715.877301
717.676892
714.077710
711.738241
713.537832
714.617587
716.417178
717.137014
714.257669
713.357873
710.658487
710.298569
708.858896
708.678937
710.118609
712.817996
715.877301
718.216769
711.558282
704.719836
704.899796
705.439673
703.640082
703.640082
706.879346
707.959100
707.239264
707.959100
708.498978
707.959100
706.879346
706.519427
708.139059
710.658487
711.198364
710.838446
714.977505
716.057260
711.738241
711.738241
711.018405
710.478528
710.478528
711.558282
714.437628
713.177914
715.697342
711.738241
713.357873
716.237219
721.815951
728.474438
732.973415
732.433538
728.834356
727.394683
724.695297
723.255624
727.754601
731.893661
724.695297
722.895706
724.335378
724.335378
717.676892
718.216769
716.057260
716.777096
719.476483
720.376278
720.196319
721.635992
723.975460
726.674847
729.374233
732.253579
734.593047
734.773006
734.233129
732.793456
732.433538
733.693252
734.233129
736.932515
737.292434
734.773006
735.852761
735.852761
738.192229
743.950920
743.950920
743.411043
743.950920
741.791411
742.691207
740.171779
738.912065
740.171779
741.791411
741.251534
740.711656
738.192229
737.652352
737.112474
735.312883
731.533742
729.914110
727.574642
727.934560
724.335378
721.815951
717.856851
716.597137
716.237219
714.977505
714.077710
712.638037
711.198364
710.118609
709.578732
709.398773
709.038855
709.038855
708.678937
708.319018
707.599182
707.959100
708.678937
709.038855
709.578732
709.398773
710.118609
709.578732
709.758691
710.478528
711.378323
712.638037
713.177914
713.357873
714.077710
713.717791
713.177914
712.458078
712.278119
711.918200
712.458078
712.278119
713.717791
714.977505
717.496933
715.877301
715.517382
715.697342
715.517382
715.337423
717.496933
717.137014
717.676892
717.496933
716.777096
716.957055
716.237219
715.157464
715.697342
714.617587
713.537832
712.458078
712.817996
712.638037
712.638037
713.357873
713.177914
715.157464
712.638037
711.018405
711.378323
711.018405
710.838446
710.838446
710.478528
710.118609
710.118609
710.298569
709.938650
709.578732
708.858896
708.139059
707.599182
708.498978
708.678937
711.018405
712.458078
711.378323
714.077710
711.738241
707.419223
712.278119
704.539877
703.820041
708.498978
707.599182
708.858896
711.378323
715.337423
716.597137
717.137014
712.458078
711.378323
708.319018
709.038855
709.938650
710.658487
709.578732
709.398773
709.578732
709.398773
709.218814
708.858896
708.319018
719.296524
727.574642
723.975460
721.456033
725.955010
741.251534
729.914110
741.791411
732.073620
739.271984
741.611452
739.811861
752.408998
752.049080
731.353783
723.075665
720.556237
721.995910
722.175869
722.175869
723.975460
725.055215
723.615542
725.055215
725.595092
726.494888
725.595092
724.875256
724.875256
725.415133
726.494888
725.775051
721.096115
719.296524
718.036810
717.496933
717.496933
718.936605
722.895706
720.016360
718.036810
716.237219
716.057260
716.057260
715.157464
715.697342
717.137014
718.396728
718.396728
718.396728
718.936605
719.476483