3.104429
3.159411
3.205448
3.300882
3.386104
3.545953
3.655636
3.698658
3.805278
4.026353
4.428515
4.594695
4.870258
5.036045
5.015582
4.942422
5.127961
5.092468
4.969752
4.683543
4.545926
4.340807
4.261984
4.255831
4.323007
4.418874
4.526552
4.475308
4.297920
4.009037
3.977313
3.850492
3.913268
4.395737
4.447574
4.776297
4.637177
5.055129
5.253712
5.414042
5.485403
5.431980
5.406447
5.474593
5.274254
5.357821
5.439168
5.647113
6.271148
6.291407
6.327164
6.285470
6.381877
6.283170
5.924659
6.140867
6.443331
6.560840
6.788847
7.017790
4.883694
4.373672
4.381952
3.975970
3.512755
3.113178
2.837124
2.721039
2.569910
2.467058
2.330866
2.125716
1.908848
1.816938
1.786259
1.759252
1.662522
1.559820
1.630856
1.624673
1.610034
1.720361
1.857935
2.006686
2.079267
2.155446
2.197074
2.228653
2.242449
2.214166
2.212476
2.290145
2.329542
2.303129
2.206893
2.146906
2.056184
2.081495
2.157649
2.080215
2.223902
2.270695
2.291973
2.357458
2.510149
2.954662
3.097701
2.829048
2.501985
2.286086
2.193788
2.048953
2.108310
2.248483
2.471863
2.496284
2.655079
2.703095
2.695879
2.614513
2.673300
2.611782
2.623815
2.536476
2.609060
2.520026
2.585530
2.580502
2.567293
2.922179
3.203036
3.607947
3.638651
3.557572
3.978690
4.122887
4.420587
4.413487
4.625593
4.600685
4.522805
4.301266
4.116632
4.135015
4.442988
4.576055
4.578643
4.242880
4.312046
3.948659
3.676320
3.354600
3.401052
3.597861
3.681087
3.844968
4.084534
4.137194
4.151595
4.232666
4.322081
4.108235
3.834408
3.679390
3.437437
3.110999
3.030131
3.006187
2.857364
2.633462
2.389498
2.404361
2.364107
2.326820
2.436946
2.417381
2.351349
2.332835
2.422315
2.597436
2.874415
3.054701
3.095387
3.035156
3.159788
3.265017
3.271863
3.281620
3.505439
3.520855
3.716601
3.911917
4.152352
4.414761
4.619246
5.884167
6.445845
6.432045
6.094507
5.599445
5.267658
5.009994
4.933352
4.843798
4.580730
4.287978
4.343295
4.456353
4.373820
4.485916
4.375639
4.213811
3.885305
3.731562
3.461787
3.186876
3.074407
2.996151
2.943898
3.004468
2.964686
2.907694
2.743185
2.712861
2.603422
2.519524
2.550104
2.675423
2.627210
2.686041
2.719535
2.749004
2.795852
2.868451
3.069357
3.175023
3.270572
3.505597
3.663158
3.854244
3.919793
4.026878
4.334594
4.199687
4.271666
4.330677
4.279244
4.331702
4.342755
4.726357
5.009813
4.946066
5.033778
5.068644
5.072060
5.033655
4.980591
4.711247
4.513267
4.377640
4.136045
3.759182
3.989442
4.261141
4.325231
4.672447
4.930847
5.224754
5.332640
5.363485
5.505872
5.688408
5.587548
6.022823
6.010320
5.775196
5.265667
4.972179
4.793881
3.521448
2.727154
2.426467
2.220978
1.900057
1.733847
1.614349
1.512083
1.414773
1.369422
1.320605
1.286556
1.339510
1.351299
1.342831
1.353918
1.241605
1.395662
1.380130
1.375122
1.538100
1.674104
1.819622
2.086903
2.345202
2.421997
2.700361
3.040691
3.186267
3.398309
4.019241
4.453576
5.324600
6.108295
6.160428
5.814271
4.716886
3.531824
1.964519
1.672630
1.539212
1.343108
1.382190
1.359610
1.486120
1.590525
1.563042
1.494994
1.479561
1.407488
1.323927
1.203913
1.081279
1.056079
0.945170
0.953199
0.816968
0.862557
0.820985
0.828069
0.816377
0.784111
0.733204
0.677606
0.657495
0.749282
0.824645
0.861594
0.908063
1.031917
1.126097
1.075449
1.158406
1.154203
1.175934
1.088513
0.987651
0.953847
0.966855
1.080904
1.224904
1.261889
1.408596
1.613353
1.917639
2.096560
2.143843
2.131090
2.188083
2.267727
2.298914
2.524351
2.776960
2.885488
3.079186
3.231323
3.294563
3.377336
3.203097
3.077916
3.106372
3.171087
3.219758
2.972167
2.899661
2.923005
2.881158
3.028654
3.874726
4.246677
4.641719
5.460473
5.413142
5.496664
5.664168
5.834625
5.874935
5.984055
6.105661
6.126810
6.188971
6.324726
6.169143
6.048586
6.014382
5.973663
5.845024
5.708908
5.885055
5.691518
5.550897
5.476494
5.385938
5.240836
5.099945
4.860034
4.835185
5.044485
5.769339
6.181137
6.217880
6.349573
6.406062
6.510005
6.493015
6.579403
6.340825
6.182658
6.107546
5.800498
5.567951
5.205757
4.759489
4.323752
4.148290
3.745267
3.354846
3.305284
3.352133
3.362890
3.452449
3.449515
3.633262
3.914132
4.225656
4.799869
5.084681
5.388359
5.769569
5.785983
5.302413
5.128575
5.059192
5.193147
5.245926
5.093147
4.944205
4.709792
4.730673
4.281140
3.814289
3.581384
3.657434
3.863158
3.969563
4.111567
4.075918
3.952253
4.018043
4.239845
4.355435
4.568112
4.598365
4.620302
4.514605
4.223815
4.194206
4.126215
4.000216
4.017736
3.909979
3.764805
3.679193
3.991539
3.799763
3.761964
4.263495
4.212875
3.957046
4.210887
4.981201
5.123817
5.270681
5.539324
5.665612
5.900953
5.814260
5.779501
5.793042
5.625925
5.543719
5.425110
5.311596
5.127441
4.975515
4.887319
4.730955
4.652394
4.427079
4.281613
4.157883
4.062089
4.131134
4.313918
5.049863
5.630121
6.049780
6.082030
6.067101
5.886032
5.734865
5.976540
5.926493
5.824965
5.390015
5.177854
5.057678
4.941584
4.950769
5.514014
5.419943
4.983142
4.575524
4.373007
4.114430
3.541978
3.471925
3.352389
3.398658
3.358381
3.079963
2.776591
2.667871
2.965604
2.622315
2.523815
2.310756
2.060692
1.855524
1.771511
1.742276
1.635809
1.645593
1.555926
1.566847
1.510339
1.532865
1.533018
1.462184
1.495937
1.357711
1.341648
1.423212
1.530003
1.519192
1.560414
1.613328
1.541131
1.465183
1.424653
1.498596
1.855475
2.259487
2.174693
2.201095
2.264327
2.308683
2.425295
2.372356
2.324835
2.243747
2.218019
2.300484
2.305538
2.162013
1.875292
1.965887
1.982728
1.889794
1.924476
1.984097
1.999758
2.039499
1.962358
1.969589
1.930164
1.995760
2.016185
1.949507
1.879205
1.773816
1.763069
1.820327
1.946770
1.962566
1.983471
1.992776
2.002301
1.997254
2.093521
2.085764
2.105602
2.219412
2.286276
2.237143
2.253337
2.274031
2.198752
2.113078
1.907350
1.827344
1.716051
1.717499
1.489062
1.529995
1.841461
1.802904
1.718257
1.765342
1.853389
1.896026
1.975292
1.983495
1.929479
2.064409
2.075547
2.157318
2.221722
2.306446
2.289880
2.341364
2.284387
2.229926
2.088663
2.012763
1.887105
1.777476
1.630880
1.609666
1.554502
1.377117
1.365819
1.333858
1.584713
1.602789
1.843874
1.843069
1.940078
2.060390
2.412624
2.856337
3.456758
3.963232
4.410269
5.139397
5.517247
5.364186
5.267151
4.879888
4.590473
4.814745
5.208897
4.934850
4.496480
4.299629
4.153908
4.091480
4.287450
4.758364
4.864480
4.511771
4.400194
4.466370
4.572458
4.716960
4.647513
4.879250
4.669620
4.495745
4.312893
4.293353
4.167848
4.177684
4.064556
3.966954
3.986459
4.317377
4.441434
4.285884
4.112177
3.751309
3.884869
3.783055
4.021267
4.155325
4.224897
4.402921
4.609525
4.807814
5.192926
6.357048
6.260433
6.202519
6.289777
6.163777
6.037036
5.793894
5.718187
5.602874
5.899559
5.963037
5.721999
5.976982
5.764953
5.643295
5.627749
5.613792
5.494080
5.388788
5.407516
5.731067
6.055765
6.326493
6.552506
6.924144
7.267616
7.353956
7.421285
7.421922
7.000943
6.590268
6.211049
5.980409
5.161995
5.329188
5.370952
5.084589
4.839282
4.541167
4.563516
4.650360
4.925786
4.989076
5.059192
5.280767
5.191174
4.955160
5.064671
4.681137
4.107467
3.537270
3.559272
3.878180
6.173644
5.891247
4.935797
4.872581
4.550682
4.082811
3.735851
3.626215
3.686263
3.530521
3.455189
3.254882
3.229833
3.265902
3.535118
4.124754
4.248739
3.931227
3.521416
3.418020
3.597586
3.590148
3.759879
3.995696
3.918590
3.955056
2.885472
1.766826
1.584297
1.613929
1.492436
1.430521
1.359054
1.460838
1.446289
1.437125
1.519390
1.527201
1.527344
1.568902
1.663352
1.659707
1.754957
1.823214
1.887178
1.921847
2.042449
2.043263
2.073053
2.031766
1.970433
2.008631
1.982869
1.965560
1.995842
1.887951
1.875973
1.866196
1.973928
2.089794
1.904302
1.830186
2.128007
2.262281
2.459315
2.535779
2.499337
2.705506
2.813093
2.916889
3.072009
3.144447
3.239104
3.281140
3.265667
3.240721
3.129235
3.200882
3.203362
3.318327
3.147467
3.190254
3.140129
3.157840
3.072788
3.109698
3.552209
4.008967
4.300712
4.630351
4.848757
4.963669
5.012387
5.067623
5.108995
5.336351
5.111826
5.001448
4.961345
4.892661
4.892688
4.741913
4.622946
4.492901
4.490747
4.330990
4.313358
4.393940
4.335851
4.300015
4.782401
5.759639
6.998425
7.912635
8.494468
8.425632
7.591791
8.169908
8.910972
8.689629
8.290399
7.951169
6.686832
5.595036
5.571377
5.360578
5.307815
5.577204
5.807878
5.743057
5.692894
5.656347
5.599598
5.575427
6.014324
6.520182
6.845465
6.953733
6.948823
7.180815
7.380088
6.951313
7.279674
7.318979
6.820854
6.365380
5.902976
5.651844
5.422360
5.323379
5.187966
5.003229
4.761018
4.726169
4.752240
4.561018
4.582121
4.476990
4.786049
5.250764
5.431684
5.718293
5.756115
5.951558
5.910018
6.051220
6.151166
6.357943
6.442670
6.441443
6.602667
6.653426
6.895309
7.146804
7.313686
7.721488
8.359043
9.037335
9.669207
10.385211
10.903516
11.446456
11.885002
12.222073
13.159013
12.616517
11.914714
11.081876
10.712808
9.769847
8.806311
9.683146
9.001439
8.638816
8.610157
8.040015
7.910202
7.900340
7.886273
7.699556
7.557441
7.409168
7.250543
6.975460
6.752394
6.658149
6.882430
7.466329
7.850043
6.745700
6.474801
6.364964
6.142782
6.039671
6.714788
7.722752
7.439478
7.368392
7.409959
7.340783
7.050680
6.850978
6.479850
6.287016
6.229337
6.077376
5.998204
5.981684
5.921619
6.062262
6.094709
6.105462
6.021315
6.098641
6.083193
6.245719
6.076137
5.833904
5.248840
5.331750
5.099367
4.572056
4.538009
4.706941
4.802175
5.084353
5.248463
5.101699
5.030956
4.670952
4.454478
4.411443
4.393752
4.403193
4.873157
5.040388
4.736742
4.278950
4.101861
3.947267
3.682628
3.386150
3.378637
3.723217
3.634385
3.602410
3.392081
3.534012
3.604999
3.829044
4.015464
4.342886
4.495925
4.234573
4.089900
4.205253
4.401994
4.239564
4.665071
4.928758
4.856758
4.937594
4.946075
4.823093
4.649970
4.578952
4.611862
4.118468
3.780411
3.581384
3.552133
3.302220
2.793191
2.615827
2.513960
2.547064
2.387890
2.082067
2.047351
1.795653
1.850805
1.843069
2.031575
2.497456
2.997818
3.323140
3.208083
3.161474
3.258899
3.345344
3.277129
3.314289
3.185432
3.136962
3.080887
3.165010
3.379193
3.363524
3.200567
3.576212
3.865406
4.007874
4.142984
4.125922
3.693714
3.463288
3.615306
3.836200
3.780776
3.537219
3.133095
3.475327
3.485329
3.056567
3.373007
3.504367
3.325231
3.348759
3.439685
3.402052
3.578342
3.507541
3.051666
2.869795
2.730637
2.450719
2.511252
2.397890
2.457728
2.596262
2.945893
3.238624
3.487317
4.077223
4.473704
4.749385
4.697134
4.908304
5.316902
5.296831
5.080707
5.030956
5.042858
4.982965
5.162821
5.155386
5.365063
5.412134
5.587117
5.111201
5.399670
5.219333
4.995742
5.396879
6.010074
6.812888
7.393228
7.877676
8.229997
8.566421
8.652257
9.341378
9.761160
8.992607
8.078381
7.841714
7.417710
6.828012
6.896536
7.043476
6.985457
6.513530
6.177387
5.542880
5.164788
4.784956
4.392864
4.248190
4.267662
4.337969
4.164927
3.964556
4.000195
4.037275
3.854503
3.352738
3.274214
3.154554
3.129494
2.995934
2.923956
2.800436
2.637250
2.506644
2.480035
2.386628
2.416560
2.383986
2.304145
2.321722
2.270911
2.253212
2.328843
2.389145
2.422557
2.636675
2.950506
3.219644
3.658107
3.948161
4.104519
4.128418
4.263756
4.229465
4.170574
4.078674
3.966626
4.014630
4.010824
3.960464
4.002330
4.145186
4.270694
4.427238
4.549807
4.564587
4.799815
5.050769
4.918195
5.018766
5.129082
5.517140
5.890377
6.184496
6.028441
6.490060
5.728531
5.124602
4.408246
3.898978
3.491102
3.199652
2.907763
2.769611
2.727599
2.776066
2.739758
2.439733
2.319047
2.416667
2.496220
2.580498
2.550718
2.626025
2.748061
2.786814
2.758941
2.676876
2.337289
2.349032
2.652819
2.640140
2.529455
2.434660
2.315004
2.369278
2.289145
2.339589
2.352552
2.250493
2.165235
2.134743
2.156586
2.204793
2.332914
2.241616
2.301856
2.444998
2.694510
2.710205
2.826317
2.746986
2.766005
2.929251
2.953582
3.081034
3.132927
3.014209
3.018006
2.977867
2.924491
2.890485
2.929286
2.883369
2.846397
2.848225
2.680958
2.846544
3.147383
3.425704
3.531596
3.623379
3.700087
3.584648
3.663857
3.732297
3.659388
3.819736
3.878415
4.020351
4.028418
4.087010
4.075720
4.129188
4.147513
4.252562
4.245995
4.317266
4.300797
4.314330
4.522578
4.770852
5.050542
5.372628
5.643592
5.788617
5.845444
5.892147
5.913895
6.012739
6.018221
6.263711
6.160823
5.974961
5.891350
5.897024
6.082635
6.645804
6.957355
7.277699
7.543030
7.357991
7.539211
7.020308
6.742725
6.637064
6.740641
6.647945
7.025838
7.269629
7.264231
6.912846
6.996060
7.392652
7.569207
7.717057
7.205663
6.915786
6.632629
6.615733
6.368035
6.238738
6.428940
6.405983
6.307293
6.554756
6.643095
6.691432
6.767950
7.194965
7.524129
8.051031
7.917428
7.660896
7.914590
7.340770
6.397201
4.899271
3.872819
3.318128
2.863092
2.717005
2.483749
2.503366
2.451618
2.402502
2.399981
2.170498
2.317104
2.197664
2.157991
2.169121
2.160174
2.167528
2.153212
2.197459
2.362372
2.539728
2.735456
2.879997
2.930191
3.089137
3.255714
3.516273
3.656290
3.494098
3.308863
3.175423
3.136458
3.041212
2.771606
2.485418
2.362665
2.300764
2.262159
2.184799
2.068653
2.008792
1.923443
1.861638
1.859804
2.025851
2.119297
2.124884
2.038152
2.190759
2.226676
2.061373
1.998348
1.890912
1.795854
1.886407
1.743583
1.600502
1.587260
1.637452
1.627680
1.487974
1.398634
1.365967
1.264694
1.280774
1.293369
1.434699
1.597231
1.741896
1.822804
1.892640
1.942527
1.952551
1.967058
2.016791
2.164768
2.044608
2.038669
2.137243
2.227274
2.292876
2.108458
2.027618
2.027073
2.156184
2.136962
2.081889
1.924840
2.013305
2.469557
2.748056
2.991998
3.260783
3.443210
3.555249
3.627079
3.795002
3.778244
3.737594
3.681384
3.468750
3.226039
3.177728
3.061209
3.032181
2.989815
3.132767
3.232465
3.384993
3.477800
3.502057
3.558803
3.510207
3.600431
3.800504
3.997245
4.241920
4.458035
4.765876
5.147669
5.320063
5.403974
5.188428
5.206588
5.192440
5.053629
5.088624
5.101771
5.044539
4.929255
4.793752
4.796929
4.653854
4.629126
4.597232
4.514388
4.649229
4.974392
5.466495
5.908876
6.588862
7.269279
8.271961
8.659856
8.829632
9.120343
8.443313
7.580702
7.200750
7.107659
7.121557
7.573080
8.384254
8.778563
9.007395
9.191433
10.092127
10.544482
10.295859
10.468615
10.245478
10.253266
9.782417
9.975691
10.138494
10.456593
10.215527
9.433405
10.308810
12.895082
12.638525
12.098182
11.283409
9.932730
9.257997
8.688619
6.172415
6.328426
7.284851
7.125806
6.770313
6.526805
6.258730
6.085909
6.278299
6.597413
7.573355
8.190463
8.656388
8.794114
8.379578
8.372779
7.669068
7.657117
8.104418
7.941134
7.417501
7.218805
7.342886
7.476472
8.077384
8.629225
8.762377
8.988500
9.115185
9.268275
9.165704
8.995261
8.823725
8.742060
8.650609
8.244106
7.811602
7.403465
6.813302
6.415872
6.291070
6.239668
6.110336
6.113006
6.127264
6.208915
6.286506
6.401023
6.449396
6.501381
6.516437
6.506083
6.511729
6.299750
6.240575
6.085466
6.014022
5.985128
6.115232
6.278805
6.463924
6.851044
7.399579
7.605168
7.651570
7.699041
7.677407
7.677786
7.654766
7.489742
6.528220
5.933342
5.960709
5.875503
6.030273
6.166624
6.240575
6.351589
6.391294
6.342386
6.332277
6.483074
6.755227
7.168032
7.494104
7.902835
8.331632
8.588440
8.710653
8.764256
8.769662
8.509924
7.852554
7.556670
6.826540
6.062010
5.779507
5.804969
5.963321
6.005691
5.763432
5.411647
5.213531
4.866935
4.367058
4.200733
3.993409
3.799464
3.496290
3.274407
3.125611
2.925169
2.911251
2.821351
2.780584
2.659584
2.586145
2.544668
2.408348
2.236944
2.120817
2.084153
1.986901
1.996602
1.912425
1.823261
1.742256
1.692758
1.626165
1.706983
1.865936
2.092938
2.195611
2.318345
2.518946
2.524638
2.653688
2.577740
2.611996
2.601751
2.664031
2.754234
2.651836
2.663873
2.489422
2.369616
2.285847
2.189550
2.254854
2.310651
2.244142
2.271511
2.347461
2.558393
2.615580
2.656290
2.684480
2.970854
3.053936
3.201339
3.505306
3.677880
3.662647
3.770662
4.013144
4.042157
4.264192
4.175088
4.206087
4.247199
4.292226
4.413347
4.559073
4.618874
4.680160
4.690433
4.799527
4.882071
5.121270
5.284837
5.335205
5.114700
5.241149
5.161921
5.068101
4.901737
5.200274
5.065283
4.978934
4.955183
4.971414
4.995733
4.836472
4.739104
4.786529
4.792995
4.806265
4.824856
4.610597
4.418548
4.856417
5.797153
6.334257
6.813813
6.783509
6.898739
7.252277
7.477841
7.669508
7.960192
8.103673
7.687554
7.103562
6.716503
6.399014
6.337271
6.092688
6.103693
5.982404
5.832431
5.746481
5.520054
5.570029
5.479666
5.635952
6.354265
6.951087
7.743563
8.258194
8.401496
7.962134
7.916507
7.805630
7.824367
8.057201
8.062635
7.681288
7.676387
8.037746
8.356217
8.241957
7.951629
7.719736
7.704363
7.682079
7.619164
7.142966
7.314845
7.884307
9.425929
10.403258
10.695775
10.252892
9.379876
9.114718
8.600799
7.961194
7.446891
7.241383
7.304655
7.507892
7.710976
7.951454
8.664083
9.464499
10.118402
10.413332
10.563333
10.434511
10.442243
10.418734
10.216701
10.192311
10.417643
9.205572
8.311654
8.596348
9.110673
9.177894
9.121610
7.834779
8.076128
8.620178
9.127213
9.183146
9.211114
8.369597
8.107878
7.872775
7.970206
7.834995
8.024373
8.110720
7.816323
7.712194
7.284263
7.411600
7.168756
5.926039
6.463710
6.769304
6.749165
6.324569
6.336828
6.182948
5.990942
6.529715
6.634564
6.526913
6.444482
6.328300
5.970462
5.790011
5.819792
5.835154
5.567391
5.488788
5.541935
5.520782
5.637530
6.114924
6.602676
6.625019
6.528393
6.243307
6.131983
5.694665
5.573704
5.491149
5.698758
5.972288
6.300643
5.954241
5.822841
5.858807
5.803683
5.628131
5.512756
5.320869
5.385745
5.463288
5.331609
5.395694
5.552554
5.547607
5.602971
5.372205
5.013906
5.024116
5.159240
5.698820
6.174676
6.549487
6.572497
6.639359
6.690077
6.786176
6.825056
6.509271
6.553085
6.432474
6.319887
6.239663
6.151570
6.212756
6.127548
6.108286
6.038526
6.574095
7.552726
8.153150
9.012702
9.703045
10.332243
10.647076
10.876872
11.342631
11.875587
12.362909
12.355345
11.750195
11.718646
12.487397
12.676694
12.724869
12.714967
12.567485
12.352596
12.052444
11.810514
12.119578
12.134733
12.153826
12.427465
12.418001
12.932876
13.730450
14.290169
14.810877
15.310514
15.457005
15.723236
14.928302
14.542077
14.318668
12.678311
11.899691
11.600608
12.119648
12.197874
12.228162
12.092866
11.894128
12.194927
12.544325
13.054442
13.417151
13.740453
14.260078
14.842292
15.395082
15.780018
15.766152
15.373543
15.395838
16.575635
14.101043
12.040344
9.458354
7.888119
7.530716
7.558230
7.271376
6.859778
6.394484
5.864668
5.567391
5.513550
5.411172
5.344801
5.658472
5.419712
5.435415
5.532907
5.569126
5.483655
5.681910
5.645512
5.706591
5.518134
5.445156
5.338350
5.077854
4.906447
4.777442
4.704672
4.733080
4.848463
4.789905
4.735952
4.587559
4.673184
4.654152
4.547648
4.655827
4.580387
4.262720
4.351578
4.106356
4.789062
5.032437
4.832180
4.963705
4.997441
4.945768
5.597081
5.962164
6.357305
7.185809
7.484367
7.523456
7.415805
7.415705
7.492738
7.322683
7.235994
7.254690
7.149186
7.148063
6.005462
6.085382
5.878736
5.629247
5.582930
5.644155
5.561446
5.241147
5.291174
5.080111
4.730526
4.491586
4.403732
4.327196
4.194090
3.872363
3.726727
3.699839
3.548902
3.448436
3.539048
3.486263
3.194035
3.292284
3.219550
3.244669
3.528600
3.607062
3.649396
3.560090
3.459223
3.481531
3.597129
3.701489
3.792926
3.930273
4.009223
4.029044
4.017277
4.076787
3.975308
3.929627
3.943321
3.976039
4.097555
4.054186
4.062764
4.090405
4.178952
4.308850
4.323241
4.312563
4.433185
4.356720
4.476132
4.189079
4.037070
3.931449
3.788263
3.859327
3.827441
3.900311
3.932118
3.873162
3.839376
3.948915
3.870181
3.721337
3.640905
3.730807
3.671160
4.178170
4.707524
4.808842
4.302923
4.283650
4.315795
4.342288
4.209642
4.219120
4.709357
5.384163
5.861479
6.535582
6.771879
6.725593
6.762863
6.769652
6.757679
6.566753
6.438828
6.412507
6.249461
6.111081
6.161768
6.416900
6.790262
7.241862
7.665357
8.180916
8.497192
8.817076
9.167509
9.607095
9.571037
9.771071
9.505674
8.169847
7.669410
7.555728
7.395622
7.052692
6.925229
7.010551
6.216676
5.972056
5.900373
5.463924
5.411112
5.309802
5.112664
5.040292
5.475186
5.704348
5.704489
5.377772
5.282474
5.149453
4.804760
4.708210
4.862850
4.811870
4.674163
4.762445
4.493129
4.565095
4.254502
4.125916
3.935738
3.783102
3.700694
3.490846
3.438250
3.851612
4.159087
3.795516
2.881625
3.267325
3.790343
3.893596
4.030109
4.077796
4.179760
4.376184
4.400593
4.479811
4.129783
3.999572
4.636483
4.834798
4.799709
4.729782
4.817712
4.909662
4.853264
4.833778
4.892896
4.833686
4.681363
4.372229
4.451383
4.023836
3.362633
3.213607
3.215220
3.112094
2.913862
2.965746
2.970841
2.884741
2.810551
2.858411
2.923553
2.927030
3.085863
3.174004
3.246199
3.281750
3.602737
3.489535
3.769482
4.850208
4.812888
4.918768
4.462344
4.260027
4.367616
4.645963
4.778671
5.060222
5.449153
5.695241
5.953967
5.970054
6.006405
6.196954
6.404112
6.460840
6.347372
6.343020
6.275098
6.023150
5.753085
5.556458
5.627431
5.233508
5.253305
5.406737
6.072926
6.693049
7.021820
7.559841
7.775414
7.626271
7.545956
8.978351
9.098656
8.871931
9.166469
8.783256
7.940240
7.687763
7.487315
7.038937
6.813792
6.586945
6.575068
6.699037
6.673502
6.504081
6.356655
6.108897
6.018850
6.009366
5.966799
5.995508
6.111256
5.970594
5.825100
5.541275
5.229064
5.244233
5.145242
4.798751
4.853722
4.604844
4.483192
3.994510
3.845700
3.783501
3.859411
3.742649
3.797223
3.899393
4.039437
4.188625
4.446344
4.616437
4.658625
4.496087
4.268026
4.494008
4.724600
4.714382
4.703341
4.710513
4.628458
4.585329
4.447787
4.296487
4.199687
4.172565
4.100355
3.959848
3.837935
3.722239
3.798602
4.207238
4.538634
4.474664
4.289882
3.845163
3.979313
4.152501
4.561673
4.884116
5.390512
6.596454
6.860425
6.550145
6.599556
6.541495
6.248923
6.109749
6.159130
6.187677
6.208894
6.070322
6.029822
5.756792
5.981442
6.568219
6.829095
7.015928
6.668702
6.919612
6.830009
6.432699
6.047940
5.945092
5.796141
5.744426
5.817978
5.922135
6.040404
6.214341
6.197992
6.049716
5.858816
6.110049
6.297881
6.194264
6.201104
6.037470
6.133535
6.226559
6.247819
6.418647
6.542005
6.768392
6.753198
6.576107
7.728709
8.056217
7.820621
7.428522
7.595653
7.529509
7.456378
6.831820
6.807841
6.723047
6.318263
5.799273
5.692341
5.880479
5.694203
5.448653
5.446136
5.680850
5.847230
6.181337
6.208861
5.860045
5.180471
4.996439
5.336975
4.996359
4.763335
4.596018
4.822830
4.908352
4.940641
5.067624
5.056967
5.001540
4.954044
4.624131
4.558436
4.509020
4.495285
4.510442
4.581972
5.605293
6.133199
6.419734
5.933005
5.572383
5.550643
5.690406
5.408938
5.290630
5.529969
5.608076
5.729241
6.293134
6.700299
6.701291
6.722047
6.761317
6.714107
6.465401
6.596332
6.878094
7.046186
7.208010
7.371365
7.590150
7.527234
7.546088
7.402047
7.124990
6.980307
6.964889
6.645452
6.454701
6.439674
6.755731
7.176697
8.442886
8.754727
8.702394
8.778484
8.613686
8.411976
8.241199
8.373852
8.307467
8.311004
8.214628
8.204528
8.219096
8.182397
8.272068
8.540089
8.450774
8.320407
7.585635
7.280924
6.479681
6.685946
7.072785
7.222372
7.051167
6.668596
6.394388
6.433678
6.379850
6.074780
6.014096
5.574216
5.326193
5.223246
5.115644
5.337906
6.546274
7.600550
6.055336
5.442912
5.534040
5.646649
5.533831
5.334228
5.271771
5.329116
5.427831
6.080088
5.949165
6.018283
6.128441
6.361463
6.791138
7.138401
7.247607
7.362719
7.670963
8.180493
8.563516
8.937640
9.383998
9.610786
9.793336
9.183444
8.517163
7.743344
7.699086
7.489230
7.426561
7.529809
7.568169
7.719655
8.094111
8.274064
8.333130
8.618264
8.633130
8.287397
8.475086
8.966802
9.249976
9.326439
8.979180
8.838274
8.649128
8.664665
8.958099
9.334262
9.665294
10.022905
10.158523
9.381621
9.509416
9.102222
9.202054
10.436094
10.746282
10.728974
10.679051
10.570444
10.172519
9.696064
9.525995
9.573800
10.113490
10.382953
9.889582
10.055349
10.958555
11.266168
11.484611
11.737401
11.734534
11.443669
11.261171
11.120446
10.898792
10.222456
10.282903
10.938872
11.203477
11.256688
11.507732
11.542495
12.143849
13.001391
12.642178
12.785268
13.666098
13.734174
13.431891
13.480968
13.592192
13.950049
14.601278
15.294208
15.327784
15.465845
15.365410
15.324509
15.066271
14.961945
14.871596
14.812376
14.110230
13.782910
13.525536
13.682317
13.477950
11.845610
10.724304
10.280840
9.896321
9.663565
9.543952
9.107808
9.035291
9.040533
9.287952
9.505297
9.035934
9.580132
9.722608
10.131712
10.188052
10.242189
10.078085
9.261468
8.731102
8.437214
8.147025
7.654617
7.436712
7.250386
7.222103
7.808504
8.162192
8.291240
7.713122
7.723774
7.909379
6.942417
5.857307
5.930249
5.286168
4.933579
5.074310
5.269607
5.184256
4.278753
4.169034
4.256527
4.543062
5.020495
5.362814
5.502867
5.518953
5.628565
5.828639
5.753348
5.825920
5.711143
5.611182
5.993228
6.348974
5.800768
5.196934
5.160443
5.452245
5.391586
5.677723
5.740474
6.026079
6.179834
6.365765
6.591749
6.817598
6.986519
7.073312
7.582397
7.577643
7.703182
7.636213
7.689249
7.501141
7.419700
7.437640
7.833184
8.407856
8.494167
8.709633
8.339521
8.320144
8.366364
8.336250
8.531428
8.702660
8.935241
9.314327
10.188941
10.209052
10.483090
10.855382
10.871317
11.019408
11.378625
11.618145
12.040974
12.270814
12.443823
12.589135
12.913332
14.703477
15.521529
15.397919
15.175308
14.896483
14.041504
14.017374
13.272656
12.966246
12.817660
12.342682
12.797732
13.470960
14.244615
15.556211
15.926226
16.329753
16.187267
15.760690
15.567788
15.292960
15.109002
15.768330
16.571978
17.570765
17.858099
17.659705
18.094579
17.998482
17.390476
16.521332
15.984459
13.656777
12.208245
10.771809
10.270765
9.799374
8.797335
8.625001
8.253528
8.350551
8.445375
8.292011
7.936109
7.785814
7.756217
7.924312
8.108843
8.340034
8.611229
8.726546
8.751411
8.653059
9.099817
9.684487
10.029970
10.321212
10.338448
10.525776
10.567458
10.641579
10.710005
10.789835
10.772213
10.737045
10.790570
10.829578
10.862056
10.916130
11.138577
11.350399
11.625254
11.726859
12.606933
13.633658
14.588820
15.238196
16.223510
15.701083
15.270074
15.121150
15.013734
15.124116
15.057999
14.540037
14.038140
13.400633
13.143477
12.088563
11.142765
10.374687
10.020495
9.675772
8.983936
8.137917
7.973584
7.902046
7.738977
7.674879
7.752642
8.282217
8.573972
8.630695
8.702854
8.652212
8.466157
8.244254
8.194073
8.423883
8.228582
7.732901
7.493731
7.198250
7.071894
7.023071
6.956768
6.624577
6.466216
6.746031
6.914415
8.292726
8.839224
8.940446
9.161962
9.607850
10.031411
10.416576
10.416955
10.855739
11.174012
11.696234
12.295717
12.472749
12.312003
12.223474
12.154370
12.078695
12.208559
12.514518
12.951202
13.221820
13.287365
13.097953
13.488119
13.687004
14.010952
14.563932
15.188504
15.765570
16.572728
17.523623
19.515872
19.140474
18.745711
18.935076
18.833977
18.178362
17.618353
17.729439
16.840300
16.593095
17.448385
17.244325
17.113858
16.709281
16.775220
16.820753
16.911054
17.141427
16.270901
12.430062
11.698023
11.065610
10.827418
11.193738
11.347258
10.821836
10.559882
10.034272
9.960563
9.793539
9.753269
9.342937
9.122282
9.090095
8.871208
8.706160
8.601205
8.654792
8.839660
9.186392
9.470920
9.539319
9.441472
9.605532
9.721468
9.096236
8.794118
8.425189
8.405654
8.192533
8.014931
8.241409
8.456281
8.862139
9.107677
9.519223
9.185635
9.132849
9.263569
9.062164
8.950090
8.794620
8.408212
8.318647
8.939044
9.579006
8.180865
6.477244
6.231526
5.985055
6.128519
6.168593
6.464494
6.517524
6.682089
6.648441
6.878308
7.931334
9.073189
9.024144
9.591834
9.170641
9.250481
9.855049
10.834865
11.379514
11.371700
11.322975
11.811595
12.093052
11.626207
11.288745
10.256228
8.154865
7.736463
7.826516
7.684152
7.842443
7.801829
9.284346
12.386026
12.077745
11.653313
11.638346
11.501410
11.504059
11.436033
11.527465
11.465223
11.594128
12.042687
12.157240
12.626616
12.485996
12.531017
11.858757
11.349471
10.675291
11.264144
11.004892
10.835819
11.050689
11.220898
11.334923
11.785059
12.048080
12.569497
13.320576
13.504604
12.615767
12.110524
11.814360
11.814009
11.349115
10.564879
10.561994
12.473000
13.889847
14.660749
15.121832
15.270389
15.353228
15.176653
15.205824
15.505196
15.634462
15.414467
15.820915
16.103038
16.095422
16.262405
16.301630
15.834488
15.658051
15.769731
15.247722
14.555049
15.170775
15.801729
15.954327
16.209450
16.465887
16.782300
17.069828
18.021898
17.890567
17.451403
13.659932
10.449420
10.018945
9.905148
9.479198
9.793354
9.967364
9.982378
9.896564
10.317296
10.327399
11.194032
11.743844
11.605977
11.426007
11.569207
12.402848
12.995135
13.776999
13.780757
14.235444
13.954831
14.267301
14.276267
12.746011
12.270789
10.949037
9.759449
10.745717
14.888637
14.729698
14.434560
14.303147
15.565580
16.573016
16.951325
16.937228
17.326139
18.131334
18.259108
17.751047
17.460718
18.535704
17.448809
16.719316
17.046596
16.029179
14.691640
13.234848
12.220254
11.109362
9.145742
7.691596
7.332150
7.581280
7.412410
8.375414
8.404466
9.054914
9.514911
9.354317
9.068082
8.684482
8.603775
8.539139
8.034861
7.951976
8.043407
7.930379
7.397881
7.289445
6.968984
6.869405
7.043973
7.029845
7.146459
7.359168
7.521235
7.805616
7.748857
7.951195
8.005688
7.774199
7.948380
8.013528
7.802611
8.325929
9.016649
9.328098
9.624417
9.964865
9.985635
9.308547
8.448318
8.536253
8.369203
8.413669
8.537520
9.128302
10.399856
12.062720
12.296058
12.047049
12.316759
11.878336
11.723414
11.748473
11.259036
10.965967
10.180254
9.814096
9.172310
8.542653
9.637735
12.403636
13.161048
12.069034
11.035704
10.677146
10.450052
10.368859
10.574847
10.100783
10.291343
10.546178
10.726609
10.980873
10.864378
10.889496
11.083780
11.167448
11.443343
11.719645
11.502009
11.208140
11.818000
12.495440
12.779755
13.169692
13.490727
13.778529
14.368697
15.539798
16.670306
17.517999
17.195575
17.181194
17.061034
17.203322
17.533751
17.473059
17.519123
17.824002
18.141637
18.531467
19.003380
19.088099
19.537707
19.403214
19.063860
19.016671
19.419212
20.718823
21.655382
21.387340
21.443615
21.071258
19.487545
17.572423
16.977449
15.037088
12.808167
10.635470
9.792162
7.606905
8.061786
8.245165
8.149625
7.757731
7.948224
7.580757
7.362183
7.222742
7.156778
7.224945
7.862843
7.740723
8.059554
8.551414
9.168058
9.687397
10.142281
10.463574
10.471275
10.277526
10.217491
10.622388
11.452469
11.670755
12.066107
12.859433
13.111572
13.254023
13.158531
13.224861
13.587427
14.066099
14.571539
15.019123
16.238711
16.702534
17.305839
17.405839
18.179946
18.874424
19.306902
19.650365
19.806899
20.320930
16.383334
12.330070
11.249419
10.836787
10.253583
10.172923
9.166463
8.966636
8.651062
8.292907
8.139815
7.839723
7.550078
7.408820
7.476981
6.466492
6.242796
6.333722
6.430561
6.066344
5.666524
5.445719
5.094038
4.788892
4.586110
4.597994
4.968794
5.487830
5.853913
6.422107
6.548336
6.575462
6.787982
6.985743
7.083175
7.321206
7.481863
8.286417
9.001794
9.820626
9.753453
9.406668
8.811276
8.093972
8.066317
7.846112
8.122988
8.010222
8.084718
8.483061
8.376630
8.638091
8.819133
9.383356
8.945841
8.769591
8.778095
8.879681
8.941590
8.969508
8.799204
8.879021
9.066344
9.408031
9.991898
10.697866
11.271461
11.706151
12.149710
12.729636
13.318416
13.659447
13.870333
14.466885
15.033338
15.500598
15.955627
15.926268
16.058057
15.810828
15.613810
15.477349
15.207934
14.952464
14.704083
14.680916
15.131704
14.935329
14.913224
14.943233
14.897189
14.707010
13.951359
13.433822
13.049625
12.811619
13.076624
12.571751
12.028029
11.905986
12.271064
13.021747
13.412901
13.720351
13.624842
13.697401
13.852723
14.069095
14.179612
14.355383
14.687340
14.091435
13.241230
13.209321
12.598490
12.105485
12.059635
11.914002
11.782737
11.600533
11.491847
11.872151
12.068015
12.208267
13.170135
13.842124
14.249737
14.587644
14.420882
14.170976
14.091149
14.105602
14.107732
14.062469
14.952747
15.127114
15.442997
15.489751
15.570135
15.411525
16.166534
15.855378
15.497700
15.306340
15.167721
15.217837
12.607578
10.320979
10.197401
10.572802
10.622600
10.800657
10.914931
11.038672
11.202105
11.259621
11.373827
11.608619
12.346945
12.795668
13.668833
14.302433
14.321323
13.277206
12.486756
11.576526
11.514944
11.961456
12.570498
13.151578
14.824424
14.843233
15.086279
15.748587
16.679755
17.120351
17.215436
17.411388
17.322949
16.864629
17.030909
16.994128
17.793203
18.179755
18.187581
17.291236
17.065968
16.563876
16.156589
14.632871
14.814002
14.819376
16.447316
19.238050
19.445789
20.385591
20.599540
20.609103
20.824965
20.915436
20.981293
20.518050
20.377349
19.819169
19.286657
19.176801
19.780302
20.278397
20.312901
20.468178
20.803016
20.691945
20.398383
19.717339
19.132254
18.754499
18.893124
20.000847
21.130203
21.161019
21.182541
20.828605
20.349737
20.385048
20.229097
19.719026
19.721947
19.581603
19.298898
18.886528
19.448624
19.303138
19.548210
20.050274
19.912107
19.580565
18.399858
18.741787
17.748287
17.736576
18.521140
19.137396
18.676670
19.058263
19.512469
19.429343
19.354850
19.178930
19.181165
19.331949
19.403045
19.490193
19.654521
19.674850
19.657815
19.540984
18.300432
17.169908
16.683710
15.913810
16.670055
16.433989
16.544838
15.967408
15.349978
15.225873
14.983810
15.063335
14.410377
13.878582
13.520612
13.554351
13.464086
13.041590
12.739981
12.844493
13.005024
13.038128
13.135082
13.265592
13.645768
13.768667
13.969758
13.905080
13.949028
14.359876
14.568746
14.480088
14.604793
14.552185
14.597753
14.490972
14.553576
14.494108
14.359390
14.268624
14.398016
14.559621
14.629237
14.569760
14.548466
13.924080
13.969508
14.515231
14.152747
12.933814
13.281320
11.938344
9.990746
9.769250
9.843118
9.125562
8.992767
9.783266
11.229197
13.538808
13.493006
12.906108
12.847185
13.041641
12.940426
13.070976
12.974956
12.899963
12.869760
12.908364
14.184444
14.467146
13.798604
14.076670
13.298927
12.310801
11.558143
11.462187
11.426790
11.725562
11.653689
11.668640
12.555420
13.803940
14.005178
14.592843
15.048817
15.490611
15.843196
16.291898
16.508024
16.609251
15.528153
15.262069
15.736345
14.872456
14.268868
13.857030
13.047095
11.333638
10.413546
9.724104
9.512067
8.794502
7.964726
7.548243
7.462768
8.208908
8.347117
8.373759
9.270791
9.193016
9.159621
9.336216
9.195999
9.249263
9.602520
10.933452
11.314625
10.297401
9.433053
9.110888
9.266868
10.149185
10.703873
12.326650
13.690210
15.165005
16.850130
18.254734
20.206332
21.552075
20.939763
19.510024
16.878565
16.882925
17.704268
18.470133
19.378377
18.595251
19.120898
19.585048
19.911388
20.291887
20.862909
21.220915
21.289533
21.991082
22.083949
22.067146
22.478752
22.621780
20.930376
19.412345
19.404572
20.852807
19.056497
20.893948
21.801727
21.616139
21.602621
21.347185
21.414147
21.067940
20.570759
20.172802
19.982675
19.706660
19.894487
20.103045
19.851724
19.420898
18.191446
16.038926
14.548266
14.873861
15.125208
15.683334
16.821529
18.683270
15.277363
11.910971
10.435585
8.858640
8.284886
8.080826
8.097307
8.184031
8.040405
8.173654
8.510027
8.861279
9.314625
9.623398
9.001926
8.420898
7.913722
7.531313
7.225478
7.518596
7.295251
7.533479
7.369123
8.152723
8.869692
9.136378
10.149173
8.895368
9.202841
9.867874
9.630720
9.378712
9.348852
9.035435
8.895747
8.731202
8.809633
7.878397
8.298339
9.249019
9.873284
10.358157
10.637893
10.650274
10.727597
10.542746
10.842924
11.393097
11.958942
11.934696
12.454723
12.731965
13.131202
13.053269
13.179906
13.540901
13.520612
13.505354
14.324223
14.800590
15.145742
13.608037
13.739763
13.952442
13.817058
13.227059
12.195496
12.427517
12.761456
12.990195
13.980565
15.183065
15.863919
16.403138
17.849270
19.717753
20.552892
20.788053
20.765774
16.167874
14.660821
13.554430
15.268080
17.809161
21.926906
21.953996
22.511525
22.419910
22.682082
23.799858
25.434802
25.176912
25.286422
25.304185
24.278851
21.792843
19.487574
19.069908
19.433989
19.152464
18.635704
18.212505
17.809161
17.616093
17.080826
17.135910
16.982068
16.592022
16.336378
16.960189
18.224146
20.039679
20.915436
21.849049
21.734696
22.435757
22.703286
23.721529
25.760253
25.720924
23.924596
23.568682
22.038878
18.659465
16.453116
16.220367
15.928322
15.620546
15.278053
14.593610
14.052211
13.696058
14.199352
14.479856
14.627137
15.067494
15.062197
14.788981
14.833989
14.532757
14.819026
14.441513
14.080302
14.314564
14.167243
13.930720
13.903195
13.844486
13.278543
12.998945
12.150104
11.756146
11.590776
12.101249
13.982317
15.573775
15.491831
15.331997
15.572686
16.057804
16.966298
17.470759
17.893948
18.434444
18.420930
18.477363
18.766929
19.233814
18.944838
18.146563
18.484444
18.434638
18.346682
18.246563
17.157987
16.389350
16.581301
16.862043
17.582213
17.967494
18.113612
18.248743
18.029584
17.843495
17.492843
17.705646
17.610930
17.589449
17.926617
17.767754
18.135757
18.565399
18.597401
18.460664
18.604970
18.570055
18.078672
17.631997
17.002841
16.236378
15.804579
15.763519
15.996889
15.793500
16.257443
16.539679
16.892544
17.105871
17.463704
17.090541
16.770124
16.805178
16.661945
16.787644
16.867940
16.821947
17.082855
17.464345
17.663567
17.346649
17.368964
17.492146
17.638711
17.497753
17.304793
17.289198
17.262513
17.260078
17.733814
18.242794
19.723770
19.919648
20.274850
21.001926
21.660728
21.976780
22.191446
21.407444
19.607635
18.684769
18.004083
16.883810
16.073763
15.702105
15.600214
15.549487
15.590057
15.610377
15.671476
15.773775
16.041406
16.135501
16.284886
16.481603
16.478832
16.680169
16.998339
17.154380
16.772456
16.712832
16.967090
17.158157
17.605636
18.137745
17.309251
16.759465
16.616093
15.878013
15.580132
15.358041
14.981345
15.040279
15.681680
16.115530
17.080826
18.283616
20.034651
20.154102
19.437202
18.945783
19.079019
18.990278
19.427712
19.445261
19.816179
19.821847
20.144941
20.469274
19.920351
19.938878
19.997401
19.910971
19.948624
20.000512
20.570209
20.889111
20.765774
20.313234
20.765774
22.052634
22.658057
22.136951
22.357353
22.863875
23.019910
23.816932
23.711973
23.859989
23.747873
23.624687
23.854450
23.724313
23.796957
23.873439
24.107762
24.054273
22.935329
21.959882
21.454413
20.883558
20.506111
20.739679
21.535143
22.609084
22.977872
22.922710
22.730376
22.927597
23.155166
22.903957
23.285901
23.054592
23.299916
23.353689
24.083759
25.530928
24.711005
23.806682
23.107822
23.147206
22.995860
22.579497
21.616139
21.616139
21.320451
21.521670
24.363704
25.442124
27.183208
28.298490
28.995496
28.280503
26.671785
22.693003
23.569742
24.270499
22.541687
27.028213
28.027517
27.711313
25.517506
24.397440
25.630376
27.972807
29.065479
28.539013
26.892728
26.974668
25.831313
25.736661
27.221997
27.145883
25.602182
25.405842
25.564726
25.280948
25.312334
24.923237
25.275834
25.620429
26.458686
28.274138
28.599777
30.843572
29.738449
29.517255
28.944867
28.913617
29.025247
28.192516
24.003138
23.321891
22.820898
22.011388
22.426906
23.551758
24.041866
23.979019
24.106226
24.270133
24.741866
25.289293
24.111973
23.255420
23.504039
23.298136
23.827059
25.197170
24.863452
24.458157
24.099540
23.367754
23.301356
22.420351
22.166929
21.962956
21.060664
21.481293
23.292843
24.584241
25.504185
23.704761
22.714844
20.751578
21.057622
22.982922
23.676049
24.480565
24.857457
25.838959
26.747873
25.012345
24.556731
24.841230
25.437667
26.304268
26.639203
26.671024
24.501356
25.337435
24.883949
25.934768
26.804268
27.965493
28.113617
28.017058
27.442254
27.629636
27.429321
27.341492
27.876540
28.175753
28.406210
28.011619
28.623684
29.090264
28.439830
27.643118
27.378244
26.983437
26.673507
25.954844
25.962075
25.927332
24.654521
24.844994
25.549947
25.704572
26.817506
27.563876
26.923683
27.131651
29.071785
30.061200
32.793003
34.213268
35.107855
35.402115
36.376620
35.762478
35.342823
34.906332
34.695542
34.349716
33.767831
33.147250
32.418211
32.071885
31.900598
31.727234
31.882517
31.589417
31.247558
32.200033
33.053479
33.373026
33.001148
32.961471
33.037299
32.986485
23.134280
24.637334
27.198136
29.048287
24.522961
24.406329
25.042924
25.256731
25.160253
24.094522
23.613132
24.193571
21.210024
21.101402
21.547930
22.881971
23.891945
24.682925
25.991338
26.636976
27.417344
25.790746
27.619757
28.779934
30.003987
30.409207
26.989179
26.045191
26.466063
25.755346
25.438808
25.555705
25.393097
24.999728
24.695251
24.685736
24.509148
24.144278
26.213132
26.763891
26.782082
27.611761
28.711084
28.523684
29.889621
28.893796
28.688964
27.658211
27.608830
26.974817
28.844150
27.689277
27.526303
27.438878
26.839233
25.597338
25.465493
25.613132
25.474668
25.467137
26.189751
26.401402
26.921780
26.518696
26.982484
27.338959
28.169527
28.640482
28.983626
29.124109
27.940538
28.626107
28.333541
28.477957
28.900722
27.056589
26.453689
26.149185
26.919779
28.159871
28.674771
28.888819
28.953688
28.954678
27.821023
25.777758
25.088203
25.358757
25.009321
23.932814
23.221997
22.634929
21.991338
21.549757
22.398490
21.484635
21.258318
20.741978
21.220817
22.150602
21.838344
21.305646
20.427081
19.765399
18.636094
17.274424
15.964578
14.717099
14.480132
14.098904
15.093500
16.387340
15.673861
14.730047
14.452442
14.555420
12.554927
13.770498
13.966308
13.394502
14.012067
16.138227
18.111761
18.941543
17.843196
17.787648
18.003138
18.188053
18.435143
17.697064
17.377600
16.976071
16.525873
16.624367
18.295301
19.078829
19.430047
18.416866
17.018059
15.374938
16.635615
15.003987
15.500033
16.217429
16.723338
17.137607
20.870333
20.015754
20.369250
20.121997
19.405631
19.175088
18.774387
18.988332
19.403286
17.132151
16.878832
16.569281
16.436094
16.093948
16.547206
16.531313
16.438078
15.854221
15.716179
15.262862
15.077574
15.526790
15.855420
15.659088
16.274771
17.130203
16.906538
16.670759
16.113359
15.694128
15.357804
15.064395
14.580132
14.368624
13.954351
13.741001
14.983556
16.654723
17.765338
18.115755
18.783065
19.449893
19.817837
19.778764
19.271613
19.624617
19.643448
19.143437
19.898136
20.349757
20.018081
20.629499
19.383436
19.293006
18.992544
18.674566
19.713612
19.760563
19.581165
20.281293
21.637202
22.343196
22.400847
20.504039
20.572567
20.690264
20.183520
20.024055
20.779254
20.594502
20.230126
21.189179
21.780781
20.973163
20.912107
21.075092
20.825208
21.133479
21.273633
20.977778
20.762956
20.842794
20.121670
19.967072
21.238863
21.856328
22.188332
21.812469
22.428957
22.160013
22.959643
22.336379
22.520915
22.278752
22.289533
21.645783
21.532621
22.124253
22.797866
22.824965
22.952262
23.120979
23.076692
23.235757
23.509769
23.403038
23.168682
23.400258
23.833007
23.988201
23.624596
23.373300
22.883042
22.876366
22.225208
22.116984
21.618378
21.321938
20.992843
20.694951
20.595860
21.020154
20.579497
20.338878
20.238132
19.460078
18.801166
18.650516
18.578672
17.931202
17.102215
16.762043
18.147581
19.590611
21.205636
21.485591
21.554709
21.461239
20.886756
20.499858
20.106352
19.917471
20.340482
20.129636
20.421080
20.723447
21.310900
20.505636
21.041701
20.302621
19.948571
19.874850
19.120387
18.610569
18.047447
18.281899
19.532240
21.039430
21.812345
22.897127
21.957973
20.798216
20.626650
20.587559
20.770027
20.603939
20.464726
20.710593
21.758318
22.878565
21.781971
21.734768
21.592192
20.977872
20.165277
19.451724
19.260728
18.803045
18.421947
18.061565
19.421836
20.473861
21.165479
21.397127
21.482528
21.032656
21.288663
21.220600
21.233638
20.960255
20.613546
20.879762
21.998216
22.584932
21.475092
21.126617
20.461077
20.194583
19.558394
20.052723
19.311017
19.987574
19.857815
18.972802
19.100512
19.898993
20.632476
21.362931
21.873507
22.898448
24.049710
25.095496
26.279254
27.049603
27.940482
27.975135
26.277574
25.410578
24.621780
24.240377
24.277054
23.833053
23.342124
23.194583
22.879581
22.237202
21.892843
21.994951
22.498339
23.021529
23.975092
25.025382
25.314544
27.079308
25.385276
26.199394
27.557973
27.728029
27.918059
28.554927
29.075135
29.157457
28.611973
28.491236
28.573322
28.806151
28.691054
28.107758
27.581468
26.954235
26.623937
26.806226
28.778851
29.508267
29.614194
29.618679
28.232104
29.236999
30.161167
27.757030
27.138959
27.734802
29.032656
28.910830
29.373163
29.237985
28.610578
27.936454
27.700646
27.778851
27.857690
27.398604
27.306329
26.376969
24.487648
20.247117
18.398339
17.960964
18.162931
18.373861
18.704572
19.672215
20.538808
20.969626
21.317339
21.884343
21.524645
21.777574
22.143217
22.794522
21.321938
20.535757
19.748817
19.897654
20.049139
20.449139
20.757180
21.235080
21.363069
21.164152
21.003038
21.405646
22.720963
23.611525
24.892954
20.173861
20.104556
22.197338
23.140031
24.195224
25.042254
25.299916
25.700046
25.588819
25.018191
24.392728
23.805646
23.188215
22.707444
22.049270
21.480169
21.243196
20.867940
20.809811
21.897654
23.288201
24.347282
24.213617
24.085276
24.035555
24.102182
24.702417
24.953445
24.755420
24.517255
24.184343
24.197338
24.181234
23.752415
23.910421
23.682541
23.427945
23.663704
23.821938
23.745742
23.678829
23.412901
23.120979
23.518068
24.151758
24.528977
25.663452
26.278565
27.042254
27.533936
28.114002
29.577957
30.979354
32.450130
33.277957
32.750986
31.364538
30.499916
27.428822
23.983065
22.311005
21.281320
20.427562
19.939679
19.465774
18.256594
18.023398
17.995301
18.243258
18.051758
17.554844
17.532405
17.850602
18.765690
19.424424
19.233338
19.337841
19.105691
20.190776
21.117506
21.527597
21.458157
20.664993
20.736951
20.498339
20.714917
19.718050
19.251682
18.123398
17.601296
17.742840
18.831965
20.120451
19.992544
18.997064
19.922605
20.463704
21.345783
20.504268
19.155346
18.213617
16.650602
16.654450
16.896071
17.627081
17.220387
16.415606
15.756479
15.135435
14.500967
13.684157
13.253263
12.808153
12.348280
12.164025
13.427465
15.177745
14.628310
12.752262
12.918378
13.479581
13.850948
13.937575
14.049947
14.055346
13.971064
13.833372
14.476366
15.921836
15.672802
15.581054
15.099352
14.538010
13.880391
13.489689
13.120314
12.569674
12.365191
12.264025
13.760000
15.777745
16.331137
16.320979
16.177054
16.154898
16.281468
16.089783
16.127080
15.924687
15.985276
15.964179
16.479019
16.476630
15.935965
15.836094
16.205488
15.838336
15.159621
14.840279
14.345768
13.827040
13.302520
13.096192
14.858041
16.984769
18.027081
18.127332
18.087341
18.069109
17.804185
18.921140
19.049710
19.153445
19.316130
19.861758
20.484473
20.325478
20.161945
19.108734
19.003038
18.835329
18.965399
19.135143
18.488053
18.665774
18.896562
18.870055
18.985534
19.177349
19.252723
19.466398
20.128605
19.976692
20.393006
20.765277
21.037226
21.192154
21.336345
21.291596
20.970209
20.775608
20.100590
20.028769
19.874850
20.054521
19.887638
19.556796
19.481603
19.157518
18.923398
18.852464
18.691737
19.011145
18.994710
19.354723
19.694951
19.742124
20.139859
20.857690
21.079561
20.982517
20.617255
20.910801
20.972457
21.401402
21.103138
20.374387
19.585534
19.047926
17.792565
16.849260
15.728322
15.158041
14.761746
14.879681
16.546945
19.521529
21.605196
21.552442
21.682082
20.307705
19.326650
20.114944
21.254927
22.927791
21.565445
18.821203
21.221747
21.373125
20.777363
20.176780
19.134651
19.009366
18.247581
17.819613
17.789243
17.304793
16.760189
16.306420
18.182855
20.308734
22.301402
22.682925
20.118679
19.865968
19.561027
19.115044
19.738449
20.514944
21.307705
22.611313
23.936250
23.330047
22.692728
21.806003
21.058394
20.381320
19.978575
20.124842
19.887222
19.852723
19.987574
19.831949
21.109084
22.180976
23.021847
24.436999
26.083465
27.118902
27.804573
27.947013
28.688964
28.850638
29.371916
31.838249
32.673702
30.548446
28.836250
26.418572
24.664993
23.638926
22.006682
20.469123
20.480973
20.615436
20.273948
19.657333
20.529343
21.380700
21.755346
21.611973
19.857457
19.562187
20.099916
19.976526
19.925998
20.125998
20.559332
20.798216
21.160293
21.000646
20.402433
19.962909
19.362112
18.696562
18.040305
17.404083
17.048390
16.593016
16.253576
15.968143
17.484444
19.791596
20.996071
20.317344
19.841543
19.665472
19.857973
20.239538
20.261456
20.795507
20.585504
20.762987
22.236491
21.943233
21.756731
20.648587
19.993006
19.370209
18.345875
17.931704
17.682855
17.607004
17.296455
17.711969
19.057443
21.206538
22.598948
22.959900
23.184473
24.013617
25.127080
23.827597
24.764738
24.660684
23.828822
24.093027
24.622961
25.100077
24.959900
24.740377
24.098948
23.773125
22.808734
21.866929
21.520336
20.283928
20.152634
20.347185
20.660563
20.806108
20.328957
20.199728
21.206209
20.580141
20.558057
21.300122
20.863919
19.620924
17.857690
18.614544
19.706139
19.832476
19.097401
18.451682
17.050217
16.067243
15.476659
15.230720
14.810787
14.528303
14.293599
14.012045
15.678361
17.744100
19.206209
19.737867
18.852938
18.553446
18.327712
18.278244
17.343233
17.691586
18.430047
18.206139
18.537867
19.113644
19.581320
19.654850
19.638878
19.047076
18.631949
17.545134
16.671292
16.231202
15.082213
14.783810
14.980826
15.570774
16.036529
16.710828
16.330527
15.934768
15.487581
15.559900
15.600947
15.115983
15.318237
15.272456
15.938344
16.300258
16.140426
15.767494
15.357804
14.921686
14.338010
13.855326
13.665592
13.196192
12.826836
12.446896
13.625999
15.891149
17.274387
17.574668
17.000077
16.758757
16.267831
14.707705
16.592766
15.850576
16.739538
16.782515
17.036999
16.829270
17.740377
19.852723
19.862069
19.928769
20.013234
20.283710
19.849296
17.986528
16.735910
15.957394
16.525898
16.811145
16.733814
16.836345
16.383042
16.405631
15.623937
15.424313
15.144941
14.823975
15.078851
15.743196
16.590768
16.010930
17.149139
16.706660
15.995368
15.334969
14.994108
14.481680
14.410377
14.198431
13.989708
13.498808
15.453576
16.760078
17.807822
19.271997
20.776875
22.276352
23.827182
24.807271
24.849134
23.344150
23.323237
24.211619
24.007605
21.841978
20.293596
19.984343
18.965690
18.900799
18.777770
18.279019
18.206226
18.848743
18.633814
18.562405
18.987340
20.121473
21.527916
22.918081
25.029197
26.805691
28.047588
27.875753
25.661187
26.567739
26.037926
27.399777
28.818529
27.638050
25.799862
24.539013
24.727916
24.987833
24.489742
25.207505
24.495251
24.532621
24.561077
25.010930
25.120915
26.227332
27.006329
27.174153
27.577206
27.161027
27.182515
26.315371
25.363439
25.382515
24.694261
23.779308
23.385276
23.004268
21.976196
20.549049
19.751724
19.128769
18.607064
18.208024
17.859465
17.788977
17.535074
17.661767
18.017507
18.823398
19.009633
18.448817
19.085736
19.807404
20.300077
20.394173
20.947250
20.986756
21.057973
21.511709
22.188754
21.472215
20.158942
19.468833
19.293747
18.700432
18.464512
18.049978
17.488977
16.824861
16.870932
16.502841
17.369549
19.513810
20.406209
20.872215
20.730376
20.975626
21.282484
22.292954
21.016866
20.877574
21.257457
22.154678
22.613617
22.539013
22.871024
23.059905
22.872215
23.289751
23.829499
24.602433
25.148210
25.285206
25.148266
25.210930
25.649019
26.055705
26.825247
28.378565
29.953121
29.925326
30.687705
30.396581
30.586485
30.038527
32.133677
31.104636
29.882570
28.794612
29.413546
28.824617
27.233936
25.726650
25.417989
25.308031
25.505485
25.811761
25.933309
25.862768
25.988876
26.232656
26.679762
26.571505
26.923770
26.881762
26.821599
27.118740
27.088312
27.058555
27.892810
30.964685
33.003137
32.461456
30.936976
29.882925
28.600077
27.521780
26.588033
25.889533
25.289449
24.721009
24.545742
24.162909
25.220915
24.396957
23.024253
22.588201
22.798574
23.236250
23.610801
24.176670
24.315689
24.398604
24.563873
24.763873
24.658263
25.121203
25.112968
24.003286
23.195860
22.650101
21.847076
20.883558
19.957443
19.470976
18.695157
18.119613
19.213359
22.792556
26.273613
26.897627
26.524424
26.804248
25.600847
24.125773
24.082528
23.480072
23.545399
23.510830
24.017506
24.073538
23.706226
23.051758
21.438863
20.449246
19.923770
19.260201
18.762513
17.674956
17.661355
16.805602
17.861767
20.783839
22.889742
23.509645
23.388754
24.165968
24.545399
25.315482
25.106332
24.691271
25.347588
26.607010
27.739458
27.156950
25.936454
25.043668
24.601146
23.760964
23.180141
22.708734
22.068833
21.256736
20.715115
20.293203
20.807635
23.397945
25.309321
27.196591
27.525934
28.191847
27.000033
24.694550
24.473610
22.802570
23.200946
22.733541
22.820600
22.535555
21.835837
21.288734
20.148210
19.828957
19.288215
18.694241
18.577363
18.236345
18.249049
18.480406
19.383928
20.789533
21.339764
21.379353
21.420841
21.724429
22.156377
22.676624
22.671785
22.311619
22.046027
22.477957
22.215044
22.235555
21.575092
21.036661
20.452807
20.027081
19.863410
19.654850
19.451724
19.181165
18.778832
18.500432
19.035143
20.299728
21.636316
22.263484
22.263876
22.134957
22.904336
23.138065
23.280948
23.375753
23.323683
22.943448
23.330998
22.774092
22.341630
22.071619
21.688033
21.640377
21.722710
21.358157
22.005631
22.283270
22.405871
22.634696
23.139530
23.385607
23.921473
22.859643
23.905636
26.278851
28.158143
28.617339
28.449710
28.279561
27.460684
28.437396
27.321858
26.628822
26.337457
26.306329
26.404556
26.172456
26.089293
24.145532
20.835143
20.920451
20.749246
20.461565
20.993747
21.192544
21.012469
19.933479
20.186279
20.390504
21.059295
21.418081
21.897338
21.058565
20.847324
21.230928
21.739013
21.054576
20.191684
19.467850
18.828769
18.297064
17.801166
17.308031
16.496889
16.531956
16.088853
15.551087
16.067874
17.135501
18.029104
19.304970
19.775088
20.618572
20.554548
19.946457
19.376875
19.099538
18.765472
19.397700
19.977908
19.732814
20.244206
20.083270
19.531949
19.154521
18.811017
18.367494
17.520576
16.618582
16.406420
16.221155
16.746544
18.444397
19.021891
19.885206
20.639013
21.754450
22.578244
22.159088
22.662187
21.448287
22.390857
22.478565
21.761019
20.836661
21.094951
21.668682
22.720979
23.391435
22.943495
22.379755
21.949270
22.105871
22.209084
22.201536
22.396822
22.637226
20.570442
20.126642
22.661019
23.645883
24.258757
24.536105
24.331270
24.696884
23.529197
23.641463
24.566868
20.770133
18.140984
18.822605
18.458640
18.276801
16.781899
16.024367
15.395747
14.952914
14.481680
14.418273
14.921206
15.758733
16.170284
16.798848
16.910421
16.916984
17.615755
17.999540
18.054898
17.605196
18.477054
17.793097
17.580141
17.185048
16.993203
16.956835
16.518985
16.146560
15.727399
15.491304
15.283810
15.094108
15.075220
15.002750
15.151168
15.910569
16.387574
16.440984
16.533432
16.421836
16.752807
16.897945
16.445742
16.364993
16.431313
16.121473
16.577363
16.026541
15.591149
15.205080
14.808220
14.160000
13.819275
13.408405
13.064325
12.812638
12.405297
12.125655
13.016267
15.273775
16.756835
17.477363
17.558016
17.515755
17.779019
17.818696
17.672593
17.991054
17.754450
18.007758
18.953350
18.001727
17.069908
16.922600
16.758051
16.147851
15.400897
15.119120
14.929061
14.773827
14.647634
14.407594
14.881345
17.306983
18.815408
19.192192
19.484241
19.664179
19.435555
19.559871
19.579308
19.721140
18.836999
19.416441
20.032814
20.039530
19.432151
19.140984
18.571205
18.383318
18.082855
17.817293
17.588260
17.346563
17.323833
17.254777
17.596562
18.247076
19.367754
21.490768
23.708267
25.528029
26.149603
27.239261
28.002639
28.076757
28.167520
27.973703
27.625243
26.705986
26.187625
25.681971
25.383065
25.294522
25.456731
25.887648
25.758263
25.261019
24.482541
24.018378
23.962909
25.052415
26.875626
27.478710
28.631868
28.647095
28.461027
27.984687
28.631868
28.620817
27.945053
26.859161
26.221847
25.221997
24.886279
24.873728
25.010930
24.938926
25.095251
25.431313
26.141276
26.061019
25.270124
24.782541
24.354576
24.363704
24.162909
24.606682
24.637202
25.052438
25.478752
25.664450
25.124313
21.807444
21.623236
21.894241
21.935329
20.270209
19.987340
20.029664
19.988053
19.721670
19.827114
19.854723
19.580302
19.685534
19.936529
20.123770
20.098272
20.174850
19.911017
19.662069
19.742794
20.483436
20.184241
19.986042
19.850602
19.566534
19.386042
19.321321
19.292192
19.079497
18.119169
17.550516
17.511969
16.836060
15.481680
15.118302
14.854351
14.932389
14.555326
14.010027
14.526670
16.872923
18.881916
19.779497
19.698339
19.721747
19.030203
19.055346
19.212345
19.143196
18.968154
19.418237
20.544994
20.049049
19.347185
18.294710
18.907064
19.319026
18.656835
17.708260
16.461355
16.158475
15.095747
14.459969
14.618302
15.071125
15.311969
15.074424
15.300590
15.197401
15.035080
14.320979
14.198339
14.328957
14.348587
14.527081
15.347396
15.152626
14.525801
13.978582
13.408658
13.093631
12.575595
12.321922
12.041950
11.968775
12.735394
12.929356
13.153528
13.909009
14.158475
13.447361
13.110971
12.921836
12.537745
12.747206
13.169123
12.867819
13.037745
13.307735
13.633989
13.707639
13.226670
12.853263
12.589722
12.555575
12.163821
11.672003
10.750221
10.382355
9.977509
9.422356
10.389461
12.707555
15.218001
14.935074
13.720574
13.562112
13.195025
13.697866
13.864152
13.906538
13.977328
14.189111
14.078672
13.761279
13.193448
12.753528
12.427513
12.187365
12.103182
11.452566
11.563762
11.595824
11.912129
11.772003
11.732395
13.967965
14.779856
14.820574
14.729097
15.085607
15.245742
15.457988
15.583949
15.826617
16.274946
16.369123
16.337226
16.734135
16.591898
16.387574
16.264512
16.194487
15.984444
15.654858
15.469828
15.459658
15.527399
15.210360
15.206420
15.523596
15.522600
15.944100
16.493747
17.494951
18.567933
19.305196
19.815689
19.907505
20.243668
20.105178
19.658942
19.006108
18.504450
18.078930
17.860563
18.209633
18.309251
18.431704
18.520387
18.535659
18.523398
18.503869
18.076071
17.961767
17.720576
17.629439
17.640809
17.973323
18.774424
18.788745
18.147185
17.713234
17.694118
17.707064
17.681734
17.625558
17.907004
17.952464
17.852747
17.669549
17.681054
17.827137
18.252747
18.035704
17.108031
16.257987
16.346649
16.754777
17.541513
17.843495
17.577054
17.154380
16.863873
17.336454
16.681652
16.682484
16.463875
17.298574
17.954521
17.664245
17.239679
17.006640
16.619089
16.681899
16.646560
16.034969
15.738672
15.745732
15.069822
13.789689
14.177304
17.190972
19.894745
21.115320
21.658157
21.354450
20.906151
20.877908
21.123582
21.374771
20.997440
21.083208
21.215516
20.076780
19.422949
18.880302
18.320387
17.564578
16.925873
17.189198
16.935910
16.664395
16.063335
15.722553
15.590057
17.695368
19.315115
20.388201
20.937575
19.832405
19.624687
18.427234
18.119910
17.458565
18.082925
18.607578
19.267146
17.878930
17.033221
16.374517
16.027137
16.316093
16.414625
16.424367
16.283810
15.920367
16.342473
16.421206
16.592022
18.934638
20.533432
21.636379
21.689751
21.455627
21.853446
21.508908
21.264179
20.427080
20.093571
20.187341
20.383949
20.508734
20.606108
20.433432
20.133814
19.944232
19.949246
19.853746
19.231949
18.881603
18.769908
18.635659
18.870976
20.075608
20.682541
21.020963
22.929270
23.564738
22.800046
22.815371
22.784635
22.268015
22.590857
23.686422
23.920450
23.353350
22.658394
21.948743
20.292544
19.188745
18.870442
17.923833
17.977600
18.284444
18.377600
19.037765
19.694487
21.666398
22.434573
22.965338
23.192192
23.414544
23.297338
22.502182
21.664738
22.177095
22.180945
22.859989
22.755627
21.747117
21.012469
20.385048
19.515115
18.934651
18.731613
18.216008
17.871356
16.968746
17.080131
16.683810
15.869758
18.821674
20.482824
21.637867
21.178851
20.635555
19.962002
19.419172
19.463484
19.031868
18.559088
19.206848
19.871024
18.776196
18.094241
17.722949
17.869095
17.919089
17.409161
17.386352
17.235074
16.671125
15.712326
16.178361
16.021686
17.786352
20.078832
21.137804
22.372807
22.488819
22.696898
22.238000
21.641787
21.135555
19.615755
19.554102
20.292556
20.706166
20.835143
20.794745
20.967072
20.736094
20.587574
20.428769
19.995301
19.681734
19.286657
18.886528
18.970791
19.932240
20.518050
20.915436
21.106209
20.805178
20.984241
21.083208
20.691054
20.682925
20.649893
20.950274
21.273439
20.948817
20.642794
20.838878
20.234135
19.931949
20.420882
20.135585
19.962069
19.719648
18.371292
17.969549
17.763567
19.907934
20.549737
20.034768
19.852938
19.400799
18.603887
18.074771
17.238050
17.841543
18.046457
18.465479
18.632621
17.810409
17.614147
17.295301
17.090629
17.374517
16.854858
16.813669
16.624360
16.724360
16.735910
16.185080
16.553576
17.738674
19.701926
19.837804
19.705262
18.945789
17.813617
17.487853
16.250602
17.710578
17.911525
18.193892
18.759608
18.065277
17.865323
17.291898
17.051682
17.406660
17.558640
17.603869
17.862513
17.876801
18.090629
18.108260
18.234638
18.869281
18.933814
18.705871
18.676692
18.273728
17.911846
17.327712
16.850769
17.787648
18.025478
18.436661
18.585607
18.347076
17.800432
16.729104
15.734969
14.922553
14.264086
14.036897
13.828527
13.535082
13.580666
13.680666
13.644493
15.663335
18.007635
18.521529
17.978851
17.865690
17.237351
17.549710
18.747250
18.596689
18.740031
19.288819
19.194522
18.826268
18.695860
18.740874
18.209251
17.755383
17.506983
16.813669
16.153576
15.445732
14.988031
14.555326
14.224080
16.257549
18.483558
18.720979
19.173613
18.387853
18.017058
17.865968
17.399538
17.345191
17.561758
18.393027
18.372807
17.209098
17.393006
17.801926
17.234638
16.415606
15.958475
15.618582
15.653116
15.463519
15.038954
14.227465
13.899474
15.809857
17.180302
16.921009
16.583208
17.265690
17.323582
16.837396
16.400847
16.320387
17.087853
17.379019
16.532621
15.991684
15.962405
15.411145
15.108031
14.261767
13.794703
13.539359
13.148152
13.007933
12.982755
12.668355
12.230728
13.094468
15.613483
16.021529
14.728777
13.896957
13.218572
12.553446
11.745789
12.637469
12.336454
12.037575
13.307444
13.293203
13.002593
12.823596
12.896889
13.028322
13.058113
12.608619
12.489689
12.677304
12.702744
12.871615
13.707594
14.846919
15.498898
15.839410
15.271997
14.668868
15.637351
15.858671
16.338000
16.517339
16.565472
16.908022
17.104268
17.191446
18.395860
18.979497
19.321529
19.697654
20.035965
20.029343
20.011388
20.420451
21.060728
21.065323
21.067850
19.567408
17.369095
16.557815
15.987574
15.158335
14.969692
14.643424
14.511969
14.280302
13.628769
13.009251
13.003382
13.118273
12.498783
12.041535
11.633800
11.229963
10.929513
10.660578
10.704999
10.499060
10.317924
10.268158
10.425050
11.997713
14.032786
13.723596
13.134638
13.219540
13.755383
13.935793
14.440922
14.364578
14.604083
14.738674
14.240901
13.774676
13.765592
13.535463
12.750043
11.883531
11.867542
11.819688
11.685021
11.827652
12.207321
12.248336
12.413607
12.809736
13.626439
15.010787
15.889198
13.987222
13.136345
12.863919
11.831313
11.918596
11.461019
11.654576
11.910971
12.064578
12.299963
12.538396
12.379021
12.073081
11.873654
11.279939
10.874900
10.758084
10.420960
10.482769
10.125668
11.295824
13.359621
14.294193
13.961565
12.637226
12.322809
11.579581
11.170124
11.727945
12.368682
12.804450
13.269281
12.994128
13.212463
13.769828
13.513288
13.446945
13.299963
12.932389
13.351203
13.536897
13.549304
13.035463
12.673081
13.514714
14.449173
14.532240
14.134444
13.623340
12.890292
12.448587
12.663704
13.200258
13.476692
14.547185
15.363567
15.588789
15.573763
15.469758
14.981680
14.668080
14.370444
14.493610
14.686362
15.098431
15.019173
14.971543
14.873827
15.000967
16.148390
15.838525
15.689111
14.965399
15.058057
14.688734
14.310900
13.987341
13.959905
14.331313
14.157333
13.958051
13.694635
13.588031
13.683573
13.369508
13.186649
12.949304
12.445452
12.018283
11.833032
11.533800
11.264072
13.233452
14.679612
14.706209
14.453446
14.091236
12.353445
11.437985
10.859161
10.359989
10.000947
8.905631
8.376780
7.844247
7.637129
7.800214
8.233032
7.963762
7.231552
6.854430
6.880836
6.775534
6.588692
6.660668
6.934702
7.288692
7.558041
7.571125
7.799542
8.031704
7.793747
7.726906
7.557180
7.652892
7.747076
8.044838
8.435435
8.243956
8.135671
8.039660
8.034393
7.818526
7.628639
7.534403
7.434911
7.263072
7.176554
6.985688
7.085034
8.095923
9.546896
10.018273
9.904793
9.119133
8.989111
8.635965
8.335757
8.390292
8.376692
9.119026
9.241406
9.158632
9.013708
9.073002
9.211728
8.921964
8.675703
8.832739
8.560110
8.477509
8.294905
8.583779
8.799170
10.237814
10.909009
10.843278
10.111388
10.058942
10.258057
9.613644
9.597866
9.742124
10.207762
10.877872
11.081320
11.291887
11.673759
12.160563
12.875572
14.107064
15.145134
15.533989
16.507934
17.384769
17.746682
17.798898
17.886657
17.901166
18.162513
17.214625
13.848852
13.066987
12.218001
11.309009
10.931837
9.807639
8.712846
8.189795
8.292656
8.363569
8.530728
8.430242
8.935620
8.890776
8.360668
8.038844
7.855626
7.705340
7.788692
8.345670
8.605249
8.314274
8.127652
7.907555
7.807850
7.762794
8.124936
9.187879
9.538427
9.490175
9.505249
9.454227
9.501598
9.682924
9.501598
9.431729
8.896570
8.748169
8.960748
9.118087
9.389383
9.403726
9.489383
9.677200
9.657548
9.769248
9.728318
9.612129
9.480397
9.353263
8.879681
8.241590
8.008005
8.132389
8.022382
7.807933
7.665774
7.469921
7.381896
7.328503
7.177683
6.749385
6.418850
6.680387
6.179817
5.878578
5.966429
6.028602
5.931153
6.543082
7.700733
8.889433
8.312786
8.058542
8.259658
8.082213
7.984886
7.972923
7.814858
8.166987
8.144170
8.502520
8.807604
9.147233
9.422082
9.488692
9.576886
9.331613
8.882481
8.806356
8.860578
9.039224
9.054227
9.005249
9.061396
9.155626
9.628527
9.476659
9.624360
10.081899
10.706640
11.784769
12.426541
13.535501
14.518273
14.812846
14.737966
14.641590
14.728303
14.631983
14.670444
13.908658
12.950972
12.833609
12.598945
12.358555
11.397713
10.691533
9.628318
9.043905
8.796732
8.687924
8.413708
8.268355
8.055575
7.767073
7.697667
7.820207
8.108955
7.846301
7.690157
7.644313
7.348951
6.974521
6.567391
6.799709
6.664668
6.639734
6.456207
6.403605
6.285419
6.969269
8.318602
8.503068
8.088977
8.343196
8.183042
8.139203
8.448210
8.580976
8.648266
8.306108
8.619613
8.990512
9.380074
9.818039
9.899377
10.039832
10.316934
10.018551
9.525720
9.424535
9.382771
9.165774
9.240853
9.303684
8.925668
8.760748
8.372213
8.401794
8.019705
8.035043
7.751705
7.275534
6.789433
6.784287
6.684482
6.375255
6.398103
6.314096
6.346387
6.187766
6.224985
6.307555
6.208205
6.176041
6.116932
5.862007
5.735553
5.739955
6.349823
5.856952
5.358534
5.109379
4.946830
4.636240
4.699349
4.628303
4.512543
4.838477
4.858084
4.855193
5.175960
5.334911
6.766492
5.813243
4.992220
4.984066
4.865039
4.856787
4.639719
4.650589
4.746963
4.786979
4.838719
4.831063
4.863855
4.700346
4.479666
4.181936
4.108876
4.181859
4.151959
4.380253
4.447996
4.487548
4.443722
4.807090
4.992419
5.085016
5.274644
5.239414
5.152444
4.762010
4.675277
4.524143
4.428602
4.377387
4.184568
4.164668
4.285688
4.328267
4.355376
4.329247
4.226029
4.151927
4.117928
4.305524
4.541361
4.733619
4.943095
5.565198
5.765403
5.896664
6.018850
6.118850
6.318850
6.394804
6.341467
6.341467
6.373723
6.499502
6.865403
6.932599
7.049823
7.006623
6.887681
6.814352
6.834393
6.607467
6.651951
6.595923
6.587781
6.518058
6.440580
6.283193
6.238728
6.344973
6.148393
5.790887
5.616932
5.628713
5.505767
5.349698
5.206124
5.394804
5.405767
5.178422
5.213490
5.183655
5.288007
5.445597
5.728503
5.868101
6.846944
7.380357
7.333482
7.366492
7.305524
7.290287
7.268508
7.335942
7.303497
7.298102
7.360428
7.259000
7.237800
7.259000
7.321936
7.274935
7.412120
7.546252
7.676041
7.877407
8.145143
8.294905
8.402923
8.471036
8.688007
8.813217
8.944313
8.988007
9.044461
9.101228
9.132901
9.120220
9.006790
8.988007
8.969258
8.956778
8.950543
8.956778
8.919429
8.957049
9.241937
9.687777
9.625668
9.353600
9.535582
9.194322
8.873800
8.924488
8.666157
8.412418
8.439660
8.339403
7.794264
7.381859
7.134008
7.541457
7.608205
7.234911
7.161446
7.106101
7.533482
7.687205
7.687205
7.647440
7.713059
7.506514
7.453204
7.503726
7.550221
7.588870
7.583531
7.616585
7.766165
8.026345
8.239403
8.174652
8.244388
8.396538
8.432901
8.163349
7.908205
7.949708
7.967866
8.028535
7.887681
7.893506
7.876041
7.851959
7.689787
7.183779
6.827204
6.756952
6.762648
6.812750
6.960668
6.989471
7.116585
7.180854
6.816676
6.701197
6.531227
6.445701
6.633876
6.372262
6.457658
6.413142
6.301486
6.104855
6.390110
6.949385
6.953533
7.586054
8.275098
8.543594
8.907594
9.294703
9.740922
10.087638
10.440984
10.818297
11.338863
11.506111
11.481054
11.586051
11.678744
11.838672
11.769822
11.202520
10.335043
10.756146
10.712750
10.445807
10.125050
9.546387
9.164671
9.699777
12.524535
13.291890
13.518985
13.874566
13.915436
14.050544
14.254273
14.374946
14.592154
14.360078
14.038674
13.946649
13.621686
13.368065
13.160821
13.678053
13.848022
14.048022
14.302105
14.799963
14.617978
14.159969
13.371465
14.280074
14.812326
14.809857
14.889350
15.338475
15.767243
15.993016
15.961767
15.959465
16.008260
15.977622
15.966298
15.731997
15.735074
15.777745
15.759658
16.138674
16.413669
16.548390
16.761767
17.011969
18.202593
18.047447
17.395368
15.521686
12.526836
12.465191
12.618283
12.401193
12.273654
11.748336
11.073468
10.531729
9.939660
9.827122
9.767021
9.732510
9.636432
9.534393
9.566881
9.446387
9.144388
8.945597
8.744313
8.571403
8.602062
8.431582
8.387781
8.193506
8.141208
8.052805
8.140240
8.216844
8.141208
8.187681
8.251959
8.352163
8.369956
8.275442
8.275442
8.275442
8.151959
8.123840
7.946252
7.666943
7.223553
7.050037
7.034905
7.072131
7.108092
7.082390
7.123553
7.113243
7.476554
7.638728
7.799335
8.188007
7.913886
7.547728
7.560110
7.431729
7.236109
7.011853
6.592131
6.666179
6.639489
6.564308
6.531227
6.574664
6.685156
6.770337
6.575068
6.364492
6.499502
6.315408
5.861765
5.827544
7.136329
7.897458
9.269254
10.107604
9.910787
9.612846
10.747043
11.338477
11.434511
11.026836
10.453531
10.105249
9.857026
9.504481
8.883301
8.455757
8.758309
8.346239
8.352163
9.032901
9.643313
9.846894
9.514096
9.975255
10.805959
10.655626
10.817419
10.588540
10.369508
10.407850
9.905959
9.356553
8.966157
8.714420
8.604615
8.309131
8.266378
7.813059
7.464416
7.266943
6.944212
6.528534
6.223100
6.295637
5.991684
5.831812
5.588788
6.254641
7.717928
8.453600
8.422952
8.200785
6.798431
6.488504
6.251934
6.157394
6.330443
6.469726
6.432465
6.499777
6.281836
6.299925
6.190899
6.075321
5.896664
5.880730
5.875068
5.846066
5.813934
5.947996
5.717971
6.050668
7.212279
7.971931
8.107604
8.103195
7.881680
7.631956
7.260189
7.188789
7.378582
7.372428
7.197427
7.639316
8.025668
8.539815
8.581896
8.263349
8.935406
9.678159
10.172213
10.339224
10.390175
10.474900
10.519730
10.679939
10.922467
10.981841
11.089795
11.125987
10.903382
11.046544
11.380088
11.846560
11.389243
11.225873
11.258837
11.310581
11.364395
11.367243
11.302750
11.342499
11.569758
11.809009
12.598808
12.850972
12.855729
12.959661
12.942288
12.968355
13.108153
13.438128
14.047049
14.422024
14.766987
15.298016
15.408220
15.488805
15.498904
15.448466
15.388131
15.248152
15.158757
14.084157
12.068775
11.875534
12.150104
12.223713
11.104291
10.453190
9.839316
8.679725
8.056778
8.128639
8.016455
8.194264
8.587766
8.419789
8.076029
7.695432
7.347004
7.111600
6.944313
6.614352
6.287205
6.428491
6.431754
6.395740
6.546783
7.457486
7.657049
7.399684
6.573947
6.117914
5.900207
5.837530
5.774216
5.987591
6.886054
7.095505
7.179553
7.185002
7.471465
7.742169
8.338475
8.725873
9.316507
9.144170
8.659510
8.461273
8.576291
9.364476
9.858408
10.022116
10.122116
9.989083
9.270652
8.919789
8.750864
8.754145
8.446944
8.532815
9.999345
10.589689
10.613483
10.949978
11.171110
11.033479
10.639203
10.492037
11.182838
11.521674
11.116093
10.938336
10.788540
10.516267
10.364025
10.142288
9.922952
9.763762
9.476766
9.242139
8.841149
8.567021
8.575098
7.701636
7.518087
7.405249
7.368775
6.885758
6.071956
5.833452
5.227465
5.071543
5.162362
5.843905
5.390377
5.379850
5.223532
5.349385
5.251410
5.320054
5.219686
5.151191
5.148098
5.117635
4.954769
4.929404
4.628651
5.125529
6.020054
6.806790
5.897201
5.697201
5.712129
6.064775
6.264362
6.444170
7.222704
7.194322
6.828879
6.613490
6.705640
6.867866
7.052163
7.016455
6.619332
6.167866
5.923532
5.746098
5.679991
5.671929
5.729247
5.766179
6.160565
6.497427
6.951705
7.391696
7.073827
6.459390
6.110581
6.105080
6.373827
6.338994
6.331053
6.263800
6.055011
5.933185
5.726129
5.844714
5.504855
5.370348
5.242762
5.383244
5.343754
5.419686
5.646066
6.045701
6.957486
7.825655
7.473775
6.912463
7.374850
8.589111
9.380973
9.795025
10.101926
9.863765
9.177304
9.212638
9.238566
9.580263
9.544469
9.374900
9.346860
9.739660
10.149580
9.790377
9.609131
9.722774
9.426432
9.687091
11.713708
12.678361
12.246945
12.225558
12.577349
12.650101
12.691596
12.795860
12.912946
12.540922
12.125987
12.048466
11.951087
11.362794
11.612543
11.218551
10.907604
10.079866
9.727371
9.604291
9.235582
8.693836
8.011539
7.795505
8.858264
8.969758
8.150516
7.043196
7.034444
7.191446
7.494951
7.668682
7.816139
7.677745
7.194635
7.008995
7.028527
6.975595
6.982953
7.314274
8.059554
8.419705
8.754227
8.932181
9.879390
9.954064
10.399060
10.454064
13.007933
14.635704
14.601727
14.669750
14.363919
14.354898
14.047282
13.423937
11.053746
10.654399
10.636450
10.730443
10.342829
9.742288
9.152566
8.627371
8.274900
8.027122
7.709312
7.481859
7.440240
7.111049
6.955059
6.848295
7.443215
8.161273
8.247233
8.389722
8.425801
8.581054
8.727137
8.654858
8.625987
8.584135
8.134511
7.690949
7.707321
7.533800
7.512848
7.596570
7.467900
7.294705
7.170314
7.094264
7.045143
7.057486
6.981321
6.843215
7.476029
8.103774
8.616922
9.128332
9.351168
9.035074
8.481899
8.635793
9.140901
8.854430
8.780397
8.927371
8.718602
8.402316
8.083301
7.767866
7.529247
7.748951
8.286059
8.513217
8.187781
7.784055
7.619704
7.668508
8.551313
9.201794
9.447100
9.574676
10.010377
10.472923
10.663567
10.869692
10.804579
10.327513
9.901249
10.071812
10.212129
9.916316
9.634393
9.653046
9.956952
10.025620
11.235671
11.361396
11.612129
11.656553
11.552566
11.650104
11.589471
12.145452
12.768667
13.743424
14.071356
14.557333
14.483839
14.585048
14.593747
14.817293
14.746649
14.645721
14.599352
14.491890
14.318001
14.122615
13.842829
13.671956
13.355963
12.809736
12.166428
12.109379
12.631390
13.050972
13.305024
13.373819
13.774872
14.196058
14.093610
12.199133
11.685021
11.575134
11.159753
10.867971
10.831053
10.591769
10.417924
10.410802
10.375057
10.246894
9.985141
9.839403
9.580350
9.273398
9.233791
8.948472
8.539247
8.275442
8.400806
8.481207
8.655378
8.403726
8.341149
8.496732
7.987924
7.904056
7.576766
7.460110
7.432901
7.788410
7.700525
7.305618
7.126559
7.125644
6.714299
6.390530
6.414774
6.333380
6.337188
6.408372
6.518321
6.546616
6.769664
7.081936
7.141208
7.113217
6.958309
6.575098
5.939403
5.815950
5.813165
5.806514
5.307467
5.360565
5.431889
5.626657
5.883412
6.105168
6.128535
6.116676
6.264021
6.247440
6.317564
6.281836
6.369566
6.234385
6.034385
5.853426
5.913217
5.896538
5.776805
5.713165
5.469254
4.882924
5.175703
5.118602
5.215512
5.514042
5.983301
6.302923
6.288007
6.031863
5.979991
5.883412
5.729503
5.799335
5.739088
5.587524
5.464492
5.257478
5.450100
5.485034
5.610368
5.510904
4.901249
4.481841
4.447043
4.747100
4.990776
5.158309
5.066943
4.909917
4.737188
4.729356
4.546857
4.540910
4.586443
4.568754
4.465202
4.372600
4.359117
4.425565
4.506468
5.098472
5.696164
6.091778
6.548393
6.946944
7.399777
7.400586
8.043268
8.032739
8.197427
8.554727
8.226657
7.963288
7.969956
7.954690
8.035415
8.146239
8.177407
8.155757
8.219517
8.289420
8.319517
8.261810
8.231582
8.353426
8.501228
8.807339
8.990377
9.176766
9.291533
9.260668
9.138844
9.099072
8.796578
8.190157
8.241457
7.805524
8.023585
7.364020
6.801554
6.738230
6.424704
5.667393
5.244931
4.843340
4.644220
4.509867
4.422223
4.595588
5.679894
6.959675
6.838977
6.946860
6.755540
5.953637
5.460821
5.154351
5.462362
5.600793
5.308572
5.597458
5.448295
5.379666
5.246066
5.157478
5.078746
5.260499
5.233282
5.114241
5.398474
5.221656
5.287842
5.110442
6.241028
8.504285
9.804056
10.430663
11.038396
11.368667
11.698172
11.958542
11.755775
11.600643
11.507604
11.282771
11.444469
11.925655
12.490594
12.273002
11.939643
11.995988
11.995988
12.207321
11.567320
11.289083
10.839224
10.512418
10.381167
10.379866
11.020314
11.074676
10.914714
10.976672
10.947634
10.855326
10.789795
10.272106
9.628269
9.871931
9.710904
9.710802
10.329513
10.194245
10.133596
9.599777
8.619517
8.746944
8.753053
8.434403
8.189201
7.353533
8.577407
9.222102
10.389461
10.569248
10.697201
10.951572
10.781234
10.599133
10.608687
11.150909
11.031729
10.742899
11.009271
10.283332
9.527623
9.153046
8.927204
8.922102
8.918526
8.824985
8.847728
8.720220
8.551313
8.269956
8.181321
7.975442
7.834385
7.763693
8.069566
8.083412
7.838977
7.415837
7.198103
6.786059
6.388969
6.077259
5.657334
5.627749
5.415232
5.184136
5.087548
5.350668
5.551410
5.980492
6.389201
6.696538
7.118526
6.600806
6.218058
5.775894
5.645143
5.622356
5.453204
5.211539
5.085141
5.073049
5.107555
5.204285
5.089692
5.137827
5.014878
4.885055
4.720054
4.697446
4.542494
4.327287
4.318043
4.328870
4.719277
4.421848
4.274950
4.264564
4.390631
4.717971
4.799709
4.650460
4.735415
4.799684
4.875960
4.905618
4.906790
4.928531
4.713612
4.646469
4.626410
4.535563
4.601135
4.606644
4.695267
4.733278
4.866658
5.017635
5.171558
5.261765
4.894617
5.166658
5.901486
6.716844
7.282355
7.603182
7.705080
7.459108
7.623398
7.819540
8.002841
7.654655
7.227456
7.283332
7.366990
7.080357
6.995740
6.972445
6.846252
6.484055
5.970337
5.836870
5.583244
5.678578
5.458580
5.287842
5.468081
6.797458
7.544624
7.885758
8.140279
8.173775
8.278053
8.545768
8.716042
8.440853
8.086632
8.148472
8.057049
7.602062
7.275442
6.988969
6.711717
6.519843
6.449698
6.285156
6.338230
6.680387
7.048393
7.041361
6.968508
6.672056
6.193731
5.764671
5.655011
5.573613
5.414096
5.333080
5.231582
5.121034
4.796164
4.656604
4.567701
4.457848
4.478528
4.379356
4.152449
3.957530
3.900361
3.594654
3.600219
3.676101
3.818335
3.890967
4.461699
5.646616
6.481207
6.156733
6.283573
5.967243
5.769034
5.703971
5.791154
5.689471
5.742139
5.736356
5.815705
5.905640
5.934403
6.016676
5.918058
5.706504
5.763072
5.812273
5.697458
5.511049
5.500829
5.511717
5.627881
5.728879
5.720451
5.555963
5.636216
5.818001
5.928002
5.730443
5.996192
5.991769
5.744461
5.581859
5.522919
5.460933
5.448393
5.364668
5.182341
5.093499
5.192419
5.079894
5.000477
4.726756
4.548911
4.434467
4.366638
4.157593
3.743332
3.670617
3.744714
3.549385
3.633876
3.505767
3.573723
3.734178
3.944730
4.028870
4.164230
4.018882
3.820953
3.664632
3.514513
3.356290
3.180775
3.066052
3.278939
3.479483
3.567894
3.505284
3.309311
3.180582
3.026897
3.102508
3.158199
3.028651
3.018023
3.030279
3.030310
3.005542
2.916427
2.954503
2.836550
2.648621
2.491483
2.483321
2.421902
2.379801
2.336642
2.278097
2.346313
2.326634
2.283833
2.258859
2.415217
2.825731
2.915442
2.964376
3.028910
3.140732
3.161481
3.125529
3.064186
2.873537
2.781778
2.704621
2.695902
2.772955
2.805242
2.736205
2.582100
2.485538
2.532441
2.493798
2.468085
2.425716
2.432033
2.442591
2.797087
3.669041
3.919244
3.968280
3.975299
4.081859
3.981753
3.858309
3.714590
3.687591
3.663232
3.497604
3.561128
3.516084
3.323316
3.614679
3.655611
3.497372
3.373266
3.289097
3.380775
3.378939
3.418868
3.464973
3.576509
3.652404
3.690527
3.728910
3.654701
3.365202
3.452539
3.542978
3.712335
3.720380
3.653399
3.553471
3.466943
3.352614
3.141551
3.071841
2.975918
2.894652
2.652756
2.404191
2.153921
1.954742
1.802746
1.652182
1.821778
2.100244
2.368085
2.716630
2.789789
2.878215
2.907272
2.901972
2.818517
2.792218
2.877653
2.941275
2.974399
3.174399
3.171841
3.289789
3.302662
3.294933
3.205242
3.218169
3.215580
3.333741
3.370328
3.428543
3.514813
3.633771
3.744740
3.849831
3.969660
4.027235
4.122495
4.283830
4.287080
4.216084
4.061692
3.879483
3.704564
3.578004
3.194933
2.849285
2.598105
2.368125
2.215245
1.985102
2.011221
1.863212
1.789732
1.698015
1.565187
1.587015
1.547417
1.554742
1.577967
1.637450
1.603986
1.653921
1.625119
1.505907
1.427256
1.327256
1.249213
1.242620
1.194847
1.085298
1.095248
1.047876
0.940640
0.917851
0.877145
0.923178
0.894743
0.916687
1.014053
1.204054
1.441706
1.539198
1.789789
1.983547
2.091129
2.256290
2.128543
2.075231
2.059047
1.898497
1.928494
1.880095
1.922715
1.845509
1.830333
1.988104
1.801230
1.850252
1.770854
1.679895
1.766608
1.771731
1.683883
1.872350
2.108936
2.212175
2.494654
2.742414
2.893714
3.029528
2.994020
2.842202
2.560737
2.292252
2.270117
2.317314
2.201261
2.274200
2.226553
2.305859
2.476099
2.490110
2.694418
3.141551
3.447624
3.805284
3.909890
4.446227
4.730139
4.796058
4.946469
5.204855
5.570852
5.761144
5.874216
5.917971
5.915232
5.859900
5.697446
5.622081
5.492419
5.278569
5.072581
4.651205
4.117815
3.867598
3.433879
3.193398
2.991535
3.409924
3.701709
3.972698
4.161940
4.359133
4.438959
4.375977
4.087080
3.899031
3.902157
3.995908
3.849831
3.788214
3.900361
3.951478
3.788214
3.533939
3.297507
3.092218
2.754654
2.450266
2.303986
2.187189
2.085102
2.002575
1.999126
1.912954
1.967305
1.894049
1.972350
2.051222
2.110247
2.050266
2.018801
2.018801
1.922778
1.764909
1.628289
1.491383
1.401204
1.397147
1.351811
1.272087
1.190063
1.111015
1.120101
1.118963
1.085202
1.103110
1.134987
1.233479
1.448194
1.432958
1.507759
1.685329
1.646587
1.699432
1.673417
1.568291
1.447640
1.505795
1.480045
1.465967
1.450604
1.451995
1.507084
1.489962
1.579193
1.673361
1.787093
1.874408
1.913847
1.953161
1.977967
2.315217
2.715580
3.143925
3.203288
3.390332
3.502213
3.774885
3.905971
4.022223
3.984160
4.000095
3.968278
3.967613
4.016427
4.006625
4.070852
3.936675
3.945001
4.070852
3.992787
3.791129
3.661943
3.455298
3.498492
3.669660
4.071442
4.276037
4.456204
4.619277
4.746614
4.846511
4.691480
4.435748
4.212208
4.245953
4.225565
4.151451
4.084160
4.039825
4.122495
4.180582
4.148225
4.116084
4.077800
3.999031
3.970998
4.103288
4.205542
4.425106
4.586914
4.598978
4.842762
5.157593
5.669106
5.946640
6.052663
6.063731
5.857593
5.751191
5.621767
5.543722
5.302463
5.121656
5.012521
4.919936
4.757095
4.658199
4.509867
4.322973
4.300101
4.064376
4.168278
4.033526
4.024093
4.024093
4.111545
4.127235
4.109682
4.219699
4.392238
4.435607
4.489506
4.585226
4.623323
4.637245
4.714486
4.774950
4.886979
5.012521
5.125656
5.140910
5.160034
5.268299
5.402463
5.276108
5.065039
5.111150
5.423033
6.015942
6.155087
6.050622
6.167391
5.789874
5.741824
5.695637
5.548768
5.482944
5.406245
5.272363
5.214444
5.137163
5.156204
5.129465
5.118044
5.129465
5.118044
5.038719
5.121848
5.175379
5.210052
5.438479
5.606245
5.873356
5.932277
6.165811
6.286894
6.347938
6.423690
6.433380
6.280730
6.271363
6.206124
5.684066
5.327121
5.190764
4.960485
4.930966
4.956787
4.693308
5.031221
5.206190
5.175379
5.095267
4.960485
5.194617
5.438479
5.564167
5.584678
5.584678
5.713347
5.810499
5.780778
5.721738
5.717541
5.725937
5.700782
5.709156
5.734344
5.793499
5.857478
5.891855
5.913431
5.909110
5.926410
6.017971
6.039955
6.088570
6.128602
6.155420
6.195841
6.250100
6.259184
6.272832
6.259184
6.268280
6.277387
6.281945
6.286506
6.300207
6.309355
6.295637
6.309355
6.313934
6.039955
5.742762
5.410448
5.121848
4.979014
4.883329
4.459117
3.967894
3.570432
3.282239
3.186117
3.033673
2.904403
2.865562
2.870343
2.773201
2.741454
2.672264
2.613227
2.680914
2.621512
2.477731
2.459168
2.410247
2.364147
2.279976
2.217126
2.152086
2.128345
2.079749
2.019898
2.074408
2.209609
2.272109
2.476632
2.661827
2.872812
3.059074
3.196680
3.279536
3.355911
3.455911
3.486321
3.508581
3.656290
3.903351
4.080324
3.682460
3.611583
3.567871
3.735080
4.012376
4.239376
4.295561
4.482737
4.479356
4.442313
4.399676
4.412905
4.347711
4.279236
4.150835
4.192894
4.142313
4.042664
3.922495
3.839825
3.795908
3.640050
3.754503
3.735080
3.705729
3.664973
3.286321
3.236679
3.201208
3.375236
3.604564
3.717446
3.839397
3.943136
4.100095
4.152539
4.299676
4.347711
4.450589
4.534647
4.534969
4.619994
4.779014
4.757506
4.933278
4.983928
5.182787
5.363232
5.131488
5.174707
4.876356
4.605264
4.412521
4.060662
3.805542
3.590527
3.180775
3.066052
3.306344
3.340050
3.474105
3.521337
3.579484
3.427474
3.462076
3.394045
3.430347
2.941275
2.596642
2.272278
2.094049
1.953051
1.931190
1.696539
1.605795
1.553388
1.462373
1.453127
1.363319
1.387225
1.360823
1.478338
1.878260
2.104828
2.258859
2.371530
2.537143
2.666372
2.677762
2.680045
2.627944
2.692195
2.687755
2.796070
3.058523
3.278215
3.464182
3.590308
3.758706
4.024655
4.245001
4.445669
4.612905
4.938331
5.217785
5.527415
5.663232
5.939414
6.286506
6.357334
6.432467
5.343754
4.642472
3.768278
3.090357
2.893398
2.777653
2.448076
2.259168
2.116847
2.076051