4.504429
4.559411
4.505448
4.400882
4.286104
4.345953
4.555636
4.498658
4.605278
5.026353
6.028515
6.694695
7.070258
8.036045
8.815582
9.142422
8.627961
7.692468
7.069752
6.483543
5.945926
5.640807
5.661984
5.755831
5.623007
5.618874
4.926552
4.875308
5.097920
4.809037
4.377313
4.550492
4.513268
5.495737
6.647574
7.776297
8.737177
9.155129
9.653712
9.514042
8.485403
7.431980
6.806447
6.574593
6.174254
6.257821
6.339168
6.547113
7.271148
7.291407
7.227164
7.185470
7.181877
6.983170
6.724659
6.640867
6.543331
6.560840
6.788847
7.017790
4.883694
4.373672
4.381952
4.075970
3.812755
3.513178
3.337124
3.221039
3.069910
2.967058
2.830866
2.625716
2.408848
2.316938
2.286259
2.259252
2.162522
2.059820
2.030856
2.024673
2.010034
2.220361
2.557935
3.006686
3.379267
3.655446
3.997074
4.028653
3.842449
3.614166
3.312476
3.190145
3.029542
3.003129
2.806893
2.446906
2.356184
2.481495
2.657649
2.580215
2.823902
2.870695
2.791973
2.957458
3.310149
4.154662
5.197701
6.129048
6.901985
7.386086
7.593788
7.648953
7.108310
5.848483
4.671863
4.496284
4.455079
4.103095
3.895879
3.814513
3.573300
3.411782
3.223815
3.036476
3.009060
2.920026
2.885530
2.880502
2.967293
3.522179
4.303036
5.807947
7.638651
8.657572
9.578690
9.822887
9.020587
7.413487
7.525593
7.100685
6.122805
5.401266
4.916632
4.835015
5.242988
5.576055
5.678643
5.642880
5.412046
4.948659
4.376320
3.654600
3.801052
4.197861
4.581087
4.944968
5.384534
5.537194
5.651595
5.832666
5.922081
5.308235
4.534408
4.079390
3.837437
3.510999
3.230131
3.206187
3.057364
2.933462
2.689498
2.704361
2.764107
2.826820
2.936946
3.017381
3.051349
3.132835
3.322315
3.597436
4.074415
4.654701
5.195387
5.535156
5.459788
5.165017
4.671863
4.381620
4.805439
4.720855
4.816601
4.811917
4.952352
5.014761
5.019246
6.884167
8.245845
8.332045
7.394507
6.199445
5.767658
5.709994
6.033352
6.443798
6.480730
5.887978
5.643295
5.356353
4.973820
4.585916
4.475639
4.313811
4.085305
3.931562
3.761787
3.586876
3.474407
3.396151
3.343898
3.304468
3.264686
3.207694
3.043185
3.012861
2.903422
3.019524
3.150104
3.275423
3.427210
3.686041
3.919535
4.049004
3.995852
3.768451
3.969357
3.875023
3.970572
4.105597
4.463158
4.754244
4.719793
4.726878
5.034594
4.799687
4.871666
4.830677
4.779244
4.931702
4.942755
5.726357
6.309813
6.346066
6.233778
6.368644
6.672060
6.333655
6.080591
5.411247
5.013267
4.577640
4.136045
3.759182
3.989442
4.261141
4.425231
4.772447
5.030847
5.224754
5.332640
5.363485
5.505872
5.788408
5.887548
6.922823
7.410320
7.775196
6.965667
6.072179
4.993881
3.721448
3.027154
2.726467
2.520978
2.300057
2.133847
2.014349
1.912083
1.814773
1.769422
1.720605
1.686556
1.639510
1.651299
1.642831
1.553918
1.441605
1.595662
1.880130
2.075122
2.338100
2.474104
2.619622
2.886903
3.345202
3.621997
3.900361
4.340691
4.686267
4.898309
6.119241
6.853576
7.124600
7.708295
7.560428
7.014271
5.816886
4.331824
2.564519
2.172630
1.939212
1.743108
1.782190
1.859610
1.986120
2.090525
2.063042
2.094994
2.079561
1.907488
1.723927
1.603913
1.481279
1.356079
1.245170
1.153199
1.116968
1.062557
1.020985
1.028069
1.016377
0.984111
0.933204
0.877606
0.857495
0.949282
1.124645
1.261594
1.408063
1.531917
1.726097
1.875449
1.958406
1.854203
1.575934
1.388513
1.287651
1.253847
1.266855
1.380904
1.524904
1.761889
1.908596
2.013353
2.117639
2.196560
2.243843
2.331090
2.388083
2.467727
2.598914
2.824351
3.276960
3.585488
3.879186
4.131323
4.294563
4.277336
3.803097
3.477916
3.506372
3.571087
3.619758
3.372167
3.199661
3.123005
2.981158
3.128654
4.074726
4.446677
5.341719
6.860473
6.613142
6.796664
6.964168
7.434625
7.474935
7.984055
8.605661
8.726810
8.488971
8.524726
7.769143
7.148586
6.914382
6.973663
6.745024
6.408908
6.685055
6.491518
6.550897
6.376494
6.185938
6.040836
5.699945
5.160034
5.135185
5.344485
6.769339
8.181137
9.317880
10.249573
10.606062
10.710005
10.393015
9.379403
8.340825
7.682658
7.307546
6.900498
6.567951
6.205757
5.659489
5.123752
4.948290
4.645267
4.354846
4.105284
4.152133
4.162890
4.152449
4.249515
4.433262
4.714132
5.125656
5.799869
6.284681
6.788359
7.169569
7.185983
6.402413
5.928575
5.859192
5.893147
5.945926
5.893147
5.844205
5.609792
5.530673
4.881140
4.514289
4.481384
4.457434
4.463158
4.469563
4.511567
4.575918
4.652253
4.818043
5.039845
5.255435
5.968112
6.598365
6.620302
5.714605
4.823815
4.594206
4.526215
4.400216
4.317736
4.109979
3.964805
3.779193
4.091539
3.899763
3.861964
4.463495
4.412875
4.057046
4.510887
5.781201
6.923817
8.070681
9.439324
10.765612
11.600953
12.114260
12.179501
10.593042
9.125925
7.843719
7.125110
6.711596
6.227441
5.475515
5.387319
5.230955
5.352394
5.227079
4.981613
5.057883
4.762089
4.731134
5.213918
6.449863
7.930121
9.449780
11.082030
12.867101
14.286032
14.634865
12.876540
11.126493
9.424965
7.590015
7.077854
6.957678
5.941584
5.750769
6.414014
7.219943
6.583142
5.975524
5.373007
4.914430
4.441978
4.471925
4.452389
4.498658
4.558381
4.379963
4.076591
3.767871
3.365604
3.322315
3.223815
3.110756
2.860692
2.655524
2.471511
2.342276
2.235809
2.145593
2.055926
1.966847
1.910339
1.832865
1.833018
1.762184
1.695937
1.657711
1.741648
1.923212
2.130003
2.419192
2.660414
2.913328
2.941131
2.965183
2.924653
2.898596
2.855475
2.759487
2.774693
2.801095
2.764327
2.708683
2.625295
2.572356
2.524835
2.443747
2.418019
2.400484
2.405538
2.262013
2.075292
2.165887
2.282728
2.289794
2.324476
2.484097
2.499758
2.539499
2.462358
2.369589
2.230164
2.295760
2.316185
2.349507
2.379205
2.373816
2.363069
2.320327
2.246770
2.262566
2.283471
2.292776
2.302301
2.297254
2.293521
2.385764
2.505602
2.619412
2.686276
2.737143
2.753337
2.774031
2.698752
2.513078
2.207350
2.027344
1.916051
1.817499
1.589062
1.629995
1.941461
1.902904
1.818257
1.865342
2.053389
2.096026
2.075292
2.083495
2.129479
2.264409
2.375547
2.557318
2.621722
2.806446
2.889880
2.941364
2.884387
2.629926
2.388663
2.212763
1.987105
1.877476
1.730880
1.709666
1.654502
1.477117
1.465819
1.433858
1.684713
1.702789
1.943874
1.943069
2.040078
2.360390
3.012624
3.856337
4.856758
5.663232
6.210269
7.339397
7.917247
7.064186
6.467151
5.979888
5.490473
5.614745
6.308897
6.134850
5.396480
5.199629
5.153908
5.091480
5.287450
5.758364
5.664480
5.311771
5.500194
5.966370
6.172458
6.616960
7.047513
7.379250
7.469620
7.195745
6.912893
6.293353
5.467848
5.177684
4.964556
4.666954
4.486459
5.017377
5.241434
4.885884
4.312177
3.851309
3.984869
3.883055
4.121267
4.255325
4.424897
4.802921
5.509525
5.907814
6.492926
7.957048
8.160433
8.402519
8.189777
7.463777
6.637036
6.093894
5.918187
5.702874
5.999559
6.163037
5.821999
6.476982
6.364953
6.243295
6.527749
6.813792
6.594080
6.288788
6.407516
7.631067
9.155765
11.126493
12.652506
14.124144
15.467616
16.053956
15.221285
12.421922
10.100943
8.890268
7.811049
8.580409
7.761995
7.129188
6.370952
6.184589
5.439282
4.841167
4.763516
5.050360
5.525786
5.689076
5.859192
6.580767
7.791174
9.055160
9.164671
9.281137
9.507467
9.337270
8.959272
7.878180
6.573644
5.991247
5.335797
5.072581
4.750682
4.582811
4.635851
4.526215
4.386263
4.230521
4.055189
3.654882
3.529833
3.665902
4.035118
5.224754
6.248739
7.131227
7.721416
8.118020
8.297586
8.390148
8.059879
6.995696
5.818590
5.155056
3.685472
2.866826
2.484297
2.313929
2.192436
2.030521
1.959054
1.960838
1.946289
1.937125
1.919390
1.927201
2.027344
2.168902
2.463352
2.759707
3.054957
3.423214
3.687178
3.821847
3.842449
3.543263
3.073053
2.831766
2.670433
2.508631
2.382869
2.365560
2.195842
2.087951
1.975973
1.966196
2.073928
2.289794
2.104302
2.030186
2.428007
2.862281
3.359315
3.935779
4.499337
5.105506
5.613093
5.916889
6.172009
5.744447
5.239104
4.881140
4.965667
4.740721
4.629235
4.400882
4.303362
4.218327
3.847467
3.790254
3.740129
3.557840
3.472788
3.609698
4.352209
5.608967
7.000712
8.830351
10.748757
12.863669
14.312387
14.967623
14.708995
11.736351
9.711826
8.601448
8.361345
7.192661
6.992688
6.541913
5.922946
5.592901
5.690747
5.130990
4.813358
4.793940
4.635851
4.500015
5.082401
6.259639
8.198425
10.812635
13.094468
15.625632
18.291791
19.569908
18.810972
17.089629
14.890399
14.151169
12.986832
11.395036
10.671377
10.860578
10.707815
10.477204
10.107878
9.143057
8.092894
7.456347
6.799598
6.675427
7.314324
9.220182
11.545465
13.953733
15.848823
16.480815
17.180088
16.551313
14.879674
11.618979
9.120854
7.865380
6.902976
6.551844
6.122360
5.923379
5.587966
5.103229
4.761018
4.726169
5.052240
4.761018
4.582121
4.476990
4.786049
5.650764
6.431684
7.018293
7.256115
7.751558
8.110018
8.751220
8.951166
8.757943
8.742670
8.841443
8.902667
8.553426
8.795309
8.946804
9.013686
9.121488
9.659043
10.037335
10.569207
10.685211
10.903516
11.646456
12.085002
12.222073
13.359013
13.616517
14.214714
14.481876
15.912808
16.269847
15.606311
13.083146
13.101439
13.038816
13.110157
14.240015
13.010202
11.900340
11.186273
10.099556
9.857441
9.609168
8.950543
8.275460
8.152394
7.758149
8.482430
10.066329
12.750043
14.745700
15.774801
16.364964
17.442782
17.739671
17.414788
14.322752
11.239478
10.168392
10.109959
10.040783
9.150680
8.450978
7.879850
7.687016
7.529337
7.277376
6.998204
6.681684
6.521619
6.562262
6.794709
7.305462
7.521315
7.598641
7.883193
9.045719
9.976137
10.533904
10.648840
9.631750
7.899367
7.872056
7.238009
6.606941
6.602175
6.384353
6.448463
6.601699
6.730956
6.370952
5.854478
5.611443
5.093752
5.003193
5.773157
6.640388
7.436742
8.278950
9.101861
9.847267
10.282628
10.286150
10.478637
9.723217
8.334385
7.402410
6.892081
6.434012
6.104999
5.529044
5.215464
5.942886
6.395925
6.334573
6.089900
6.005253
5.801994
5.639564
5.365071
4.928758
4.856758
4.937594
4.946075
4.823093
4.749970
4.878952
4.911862
4.918468
4.880411
4.481384
4.152133
3.802220
3.093191
2.715827
2.613960
2.547064
2.387890
2.182067
2.147351
1.895653
1.950805
1.943069
2.131575
2.597456
3.097818
3.923140
4.208083
4.461474
4.658899
4.745344
4.677129
4.514289
4.185432
3.736962
3.480887
3.565010
3.779193
3.763524
3.700567
4.176212
4.365406
4.407874
4.442984
4.325922
4.193714
3.963288
4.115306
4.636200
4.880776
5.037219
5.033095
5.275327
5.385329
5.456567
5.373007
5.104367
4.425231
4.648759
4.639685
4.502052
4.478342
4.407541
3.751666
3.269795
3.230637
2.850719
2.911252
2.697890
2.757728
2.996262
3.745893
4.438624
5.087317
5.877223
6.473704
7.249385
7.897134
8.108304
8.216902
7.696831
6.880707
6.730956
6.542858
6.382965
6.262821
6.055386
5.965063
5.912134
5.887117
5.111201
5.399670
5.219333
4.995742
5.396879
6.010074
7.112888
7.893228
8.477676
8.929997
9.366421
9.552257
10.841378
11.361160
9.992607
8.378381
8.041714
7.417710
6.828012
6.896536
7.043476
7.085457
6.713530
6.277387
5.642880
5.264788
4.984956
4.792864
4.748190
4.867662
5.037969
4.964927
4.964556
5.100195
5.437275
6.054503
6.052738
5.874214
5.454554
4.929494
4.595934
4.323956
4.000436
3.737250
3.506644
3.280035
3.086628
2.916560
2.783986
2.704145
2.621722
2.570911
2.553212
2.828843
3.189145
3.622557
4.136675
4.650506
5.419644
6.158107
6.848161
7.404519
7.328418
5.963756
5.129465
4.870574
4.578674
4.566626
4.514630
4.610824
4.460464
4.202330
4.145186
4.370694
4.527238
4.649807
4.764587
5.099815
5.750769
6.418195
7.418766
8.429082
9.417140
10.290377
11.284496
11.728441
9.890060
7.728531
6.624602
5.908246
5.498978
5.091102
4.699652
4.207763
3.769611
3.627599
3.576066
3.439758
3.139733
3.019047
3.016667
3.296220
3.580498
3.850718
4.226025
4.648061
4.986814
5.258941
5.576876
5.737289
5.549032
4.752819
4.140140
3.929455
3.734660
3.615004
3.369278
3.189145
3.039589
2.952552
2.850493
2.865235
2.734743
2.656586
2.704793
3.232914
3.541616
3.901856
4.444998
5.094510
5.610205
6.026317
6.346986
6.266005
5.829251
5.353582
4.781034
4.432927
4.414209
4.218006
3.977867
3.824491
3.590485
3.529286
3.283369
3.146397
3.048225
2.880958
3.046544
3.547383
4.225704
5.031596
5.923379
6.800087
7.284648
8.063857
8.732297
8.659388
8.119736
7.278415
7.420351
7.328418
7.187010
7.175720
7.129188
7.047513
7.052562
6.745995
6.417266
6.200797
5.814330
5.722578
6.070852
7.050542
8.772628
10.843592
12.488617
13.945444
15.392147
16.513895
17.012739
17.018221
15.163711
11.260823
9.774961
8.491350
7.997024
8.082635
9.245804
9.257355
10.277699
10.643030
9.357991
9.339211
8.120308
7.542725
7.837064
8.640641
9.847945
11.325838
12.769629
14.164231
14.912846
14.996060
14.392652
13.869207
12.517057
10.005663
9.115786
8.432629
8.115733
7.268035
6.938738
7.328940
7.305983
7.107293
7.454756
7.443095
7.491432
7.567950
8.194965
8.524129
8.551031
8.317428
7.760896
8.214590
7.940770
6.997201
5.399271
4.572819
4.118128
3.463092
3.217005
2.983749
3.003366
2.951618
2.902502
2.799981
2.570498
2.617104
2.597664
2.457991
2.469121
2.460174
2.467528
2.553212
2.697459
2.962372
3.339728
3.635456
3.979997
4.030191
3.989137
3.955714
3.816273
3.756290
3.594098
3.408863
3.275423
3.236458
3.141212
2.871606
2.685418
2.562665
2.500764
2.462159
2.384799
2.268653
2.208792
2.223443
2.161638
2.259804
2.525851
2.719297
2.924884
3.038152
3.090759
3.026676
2.861373
2.498348
2.290912
2.095854
2.086407
1.843583
1.700502
1.787260
1.837452
1.827680
1.687974
1.598634
1.665967
1.464694
1.480774
1.593369
1.834699
2.097231
2.341896
2.522804
2.792640
2.942527
3.052551
2.967058
2.916791
2.764768
2.544608
2.338669
2.437243
2.527274
2.592876
2.408458
2.227618
2.227073
2.356184
2.336962
2.181889
2.024840
2.213305
2.869557
3.448056
3.891998
4.360783
4.743210
5.055249
5.227079
5.195002
5.078244
4.937594
4.481384
3.968750
3.726039
3.577728
3.461209
3.332181
3.489815
3.932767
3.932465
4.084993
4.177800
4.302057
4.358803
4.410207
4.600431
4.900504
5.297245
5.741920
6.058035
6.365876
6.847669
7.320063
7.203974
6.688428
6.406588
6.292440
6.153629
5.988624
5.901771
5.644539
5.429255
5.093752
5.196929
4.853854
4.929126
4.997232
5.014388
5.349229
6.074392
7.166495
8.108876
9.288862
10.769279
12.671961
13.659856
13.729632
13.520343
11.643313
9.380702
8.400750
8.207659
7.821557
8.173080
8.984254
9.278563
9.207395
9.191433
10.192127
10.644482
10.395859
10.468615
10.345478
11.553266
12.782417
14.275691
16.338494
19.056593
22.215527
25.133405
26.008810
21.295082
18.838525
15.598182
12.883409
10.232730
9.257997
9.588619
10.372415
9.628426
8.384851
7.325806
6.770313
6.526805
6.258730
6.085909
6.278299
6.597413
7.973355
9.790463
11.556388
13.194114
14.779578
15.072779
15.369068
15.257117
14.204418
12.141134
11.017501
10.518805
10.442886
10.676472
10.377384
10.229225
9.662377
9.388500
9.415185
9.268275
9.265704
9.195261
9.023725
8.842060
8.750609
8.244106
7.811602
7.403465
6.813302
6.415872
6.291070
6.239668
6.110336
6.113006
6.127264
6.208915
6.286506
6.401023
6.449396
6.501381
6.516437
6.506083
6.511729
6.299750
6.240575
6.085466
6.014022
5.985128
6.115232
6.378805
6.863924
7.451044
8.199579
8.305168
8.451570
8.599041
8.577407
8.277786
8.054766
7.689742
6.528220
5.933342
5.960709
5.875503
6.030273
6.166624
6.240575
6.351589
6.391294
6.342386
6.332277
6.483074
6.755227
7.168032
7.694104
8.302835
9.131632
9.788440
10.110653
10.064256
9.869662
9.009924
7.952554
7.556670
6.826540
6.062010
5.779507
5.804969
5.963321
6.005691
5.763432
5.411647
5.213531
4.866935
4.367058
4.200733
3.993409
3.899464
3.696290
3.474407
3.425611
3.325169
3.411251
3.421351
3.380584
3.259584
3.186145
3.144668
3.008348
2.836944
2.720817
2.584153
2.486901
2.396602
2.312425
2.223261
2.142256
2.092758
2.126165
2.306983
2.465936
2.692938
2.895611
3.118345
3.318946
3.524638
3.753688
3.777740
3.711996
3.501751
3.364031
3.254234
3.151836
3.063873
2.889422
2.769616
2.685847
2.589550
2.554854
2.510651
2.444142
2.471511
2.647461
2.958393
3.315580
3.756290
4.284480
4.970854
5.553936
5.901339
6.205306
6.377880
6.362647
6.170662
6.013144
6.042157
5.964192
5.975088
5.906087
5.847199
5.792226
5.713347
5.659073
5.618874
5.580160
5.590433
5.699527
5.982071
6.721270
7.684837
8.635205
9.514700
10.241149
10.661921
11.568101
11.601737
10.600274
8.765283
7.278934
6.955183
6.371414
5.895733
5.436472
5.239104
5.186529
5.092995
5.106265
5.024856
4.710597
4.418548
4.956417
6.497153
8.234257
9.613813
10.883509
11.898739
12.952277
13.777841
14.469508
14.860192
14.103673
11.287554
9.203562
8.616503
7.699014
7.437271
6.992688
7.503693
7.382404
6.832431
6.746481
6.420054
6.370029
6.279666
6.335952
7.854265
9.451087
12.443563
14.558194
15.801496
17.062134
16.916507
17.505630
17.224367
16.257201
12.962635
10.881288
9.676387
9.537746
9.556217
9.241957
8.551629
8.119736
8.004363
7.882079
7.619164
7.142966
7.314845
7.884307
10.125929
13.303258
17.395775
22.552892
26.379876
29.214718
30.600799
31.461194
31.346891
28.941383
23.704655
19.807892
17.910976
18.351454
17.464083
17.364499
16.318402
15.213332
14.363333
13.234511
12.842243
12.618734
12.116701
12.092311
13.417643
15.905572
17.111654
18.696348
20.310673
20.177894
20.521610
20.934779
20.276128
18.720178
15.527213
13.083146
12.411114
11.169597
10.107878
9.272775
8.570206
8.434995
8.724373
9.110720
8.916323
8.712194
8.384263
8.511600
9.468756
11.626039
13.863710
14.069304
14.349165
14.924569
15.636828
16.482948
16.290942
15.729715
13.434564
12.426913
10.644482
9.828300
8.870462
8.290011
8.219792
7.435154
6.767391
6.288788
6.241935
5.920782
6.137530
7.114924
8.802676
10.225019
11.628393
13.243307
14.631983
15.994665
16.673704
17.191149
17.298758
16.472288
13.500643
11.354241
10.322841
9.758807
9.303683
8.928131
8.312756
7.720869
7.985745
8.063288
7.631609
7.495694
7.952554
9.047607
11.202971
13.172205
14.113906
15.124116
15.659240
15.998820
15.474676
15.549487
15.672497
15.539359
13.390077
12.286176
12.025056
11.009271
10.253085
9.532474
8.819887
8.539663
8.451570
8.312756
8.027548
7.808286
7.238526
8.074095
11.052726
14.253150
17.612702
20.403045
22.832243
24.547076
25.676872
26.142631
25.875587
24.262909
19.755345
15.750195
14.718646
15.987397
15.476694
14.424869
13.514967
13.067485
12.752596
12.252444
12.010514
12.619578
12.734733
13.153826
14.327465
15.318001
16.932876
19.830450
22.990169
25.410877
26.510514
26.157005
23.423236
22.428302
20.642077
20.218668
20.878311
21.099691
21.000608
19.919648
19.797874
20.028162
19.792866
18.294128
17.894927
17.244325
17.054442
17.817151
18.740453
20.160078
20.542292
21.295082
23.280018
24.066152
25.173543
24.295838
18.075635
17.701043
16.640344
15.958354
13.488119
12.030716
10.358230
9.471376
8.759778
7.794484
6.964668
6.767391
6.413550
6.211172
6.044801
6.558472
7.519712
8.235415
8.732907
9.169126
8.783655
8.381910
8.345512
8.106591
7.718134
7.645156
7.338350
7.077854
6.806447
6.577442
6.504672
6.433080
6.448463
6.389905
6.335952
5.787559
5.573184
5.454152
5.347648
6.055827
7.080387
8.062720
9.251578
10.706356
12.089062
13.332437
14.332180
14.963705
15.097441
14.545768
13.097081
12.362164
12.557305
11.685809
10.484367
9.923456
9.615805
9.215705
8.692738
8.222683
8.235994
8.154690
7.949186
7.948063
7.305462
7.685382
7.878736
8.029247
7.382930
7.444155
7.761446
8.041147
7.791174
7.980111
7.630526
6.891586
6.503732
6.027196
5.694090
5.572363
5.326727
4.999839
4.748902
4.548436
4.339048
4.386263
4.094035
4.292284
4.419550
4.544669
5.028600
5.707062
6.449396
6.760090
7.259223
7.281531
7.097129
6.901489
6.492926
6.030273
5.809223
5.529044
5.317277
4.976787
4.775308
4.529627
4.343321
4.276039
4.397555
4.354186
4.362764
4.590405
4.878952
5.408850
6.023241
6.712563
7.833185
8.756720
9.176132
9.489079
9.637070
9.331449
8.288263
7.159327
6.227441
5.600311
5.232118
4.773162
4.339376
4.348915
4.170181
3.921337
3.940905
4.030807
3.871160
4.778170
6.307524
7.708842
9.202923
10.483650
11.715795
13.042288
14.809642
15.519120
15.209357
13.984163
12.061479
10.735582
10.171879
9.825593
9.462863
9.069652
9.057679
8.866753
8.638828
8.812507
8.849461
8.611081
8.961768
10.116900
11.790262
13.541862
15.665357
17.480916
19.597192
20.317076
21.567509
22.307095
22.671037
21.271071
19.405674
16.269847
12.469410
11.055728
10.195622
9.852692
9.525229
9.010551
8.416676
7.872056
7.200373
6.863924
6.711112
6.609802
6.612664
6.840292
6.775186
6.704348
6.804489
7.177772
7.582474
7.449453
7.504760
7.408210
7.262850
7.111870
6.974163
6.862445
6.593129
6.265095
5.654502
5.225916
4.835738
4.683102
4.500694
4.190846
4.138250
5.151612
6.659087
8.495516
9.981625
11.167325
11.990343
13.093596
13.430109
13.577796
13.679760
13.076184
11.800593
10.279811
9.229783
8.399572
7.636483
7.134798
6.999709
6.929782
6.817712
6.709662
6.553264
6.233778
6.292896
6.633686
7.181363
7.972229
9.051383
10.523836
11.562633
12.413607
12.915220
13.312094
13.313862
13.065746
11.670841
10.284741
9.010551
8.358411
7.223553
6.427030
5.785863
5.574004
5.646199
5.381750
5.302737
4.889535
4.869482
6.350208
8.612888
10.718768
12.562344
14.060027
15.467616
16.545963
17.478671
17.660222
17.149153
15.895241
14.153967
11.670054
9.906405
9.396954
9.404112
9.560840
9.947372
9.543020
9.875098
10.123150
10.253085
10.456458
10.527431
11.333508
11.953305
13.006737
13.472926
13.893049
13.321820
12.259841
12.175414
12.526271
13.145956
11.778351
10.798656
10.971931
10.466469
9.883256
8.340240
8.087763
7.787315
7.038937
6.813792
6.586945
6.575068
6.699037
6.673502
6.604081
6.356655
6.308897
6.218850
6.209366
6.366799
6.595508
7.011256
7.170594
7.225100
6.841275
6.329064
6.144233
6.045242
5.898751
5.753722
5.604844
5.483192
5.094510
4.745700
4.583501
4.559411
4.442649
4.397223
4.599393
4.939437
5.288625
5.846344
6.516437
7.058625
7.396087
7.468026
7.294008
7.124600
6.914382
6.403341
6.010513
5.728458
5.385329
5.147787
4.996487
4.799687
4.672565
4.500355
4.259848
4.137935
3.922239
3.998602
4.807238
6.038634
6.974664
7.889882
9.245163
10.579313
11.952501
13.361673
15.384116
15.990512
15.096454
13.460425
11.550145
9.399556
8.141495
7.448923
7.009749
7.059130
6.987677
6.808894
6.570322
6.429822
5.956792
6.181442
7.368219
9.129095
11.115928
13.168702
14.719612
16.030009
17.432699
18.347940
19.245092
18.896141
18.344426
15.917978
13.522135
11.840404
11.314341
10.397992
9.649716
8.558816
8.810049
9.297881
8.994264
9.301104
9.237470
9.133535
9.126559
9.447819
9.518647
9.742005
10.168392
10.653198
10.876107
10.128709
9.556217
9.520621
9.528522
9.395653
9.329509
9.656378
10.031820
9.607841
9.323047
9.218263
8.999273
8.292341
7.680479
7.194203
6.848653
6.646136
7.180850
8.147230
9.581337
11.508861
12.960045
13.980471
14.396439
15.136975
15.796359
16.063335
15.296018
13.622830
11.908352
10.840641
9.867624
8.656967
8.001540
7.254044
5.824131
5.558436
5.309020
5.395285
5.110442
5.281972
7.505293
10.033199
13.019734
15.333005
16.372383
17.550643
18.190406
18.408938
18.590630
18.229969
17.408076
15.229241
11.893134
11.000299
10.901291
11.422047
10.861317
10.814107
11.265401
11.096332
10.378094
10.346186
10.308010
10.271365
10.590150
11.027234
12.046088
12.802047
13.124990
13.380307
13.464889
13.545452
13.154701
12.839674
12.255731
11.576697
10.442886
9.854727
9.302394
9.078484
9.013686
8.911976
8.941199
8.773852
8.607467
8.511004
8.714628
8.904528
9.419096
9.682397
10.272068
11.140089
11.850774
12.520407
13.385635
14.480924
15.079681
14.585946
14.372785
13.122372
11.351167
9.968596
8.194388
8.233678
7.879850
6.874780
6.614096
5.974216
5.526193
5.423246
5.415644
5.637906
7.446274
10.900550
13.655336
15.142912
16.234040
17.346649
18.533831
19.134228
19.671771
19.729116
19.427831
17.180088
14.349165
12.818283
11.728441
10.461463
9.791138
9.638401
9.047607
9.062719
9.370963
9.280493
9.763516
10.237640
11.183998
13.210786
13.793336
16.583444
18.417163
20.043344
21.299086
22.389230
22.326561
22.129809
20.568169
18.519655
16.994111
16.274064
16.033130
16.218264
16.033130
15.987397
15.375086
14.566802
13.849976
13.626439
13.479180
13.538274
13.949128
14.064665
14.458099
16.334262
17.565294
19.422905
21.758523
23.981621
23.209416
23.202222
22.602054
20.936094
18.246282
16.328974
15.279051
14.670444
13.672519
12.296064
11.925995
11.273800
11.613490
11.582953
10.689582
10.755349
12.758555
14.366168
16.284611
18.337401
20.534534
21.443669
22.661171
23.320446
23.698792
23.922456
23.282903
21.038872
18.303477
17.356688
16.807732
16.642495
15.943849
15.101391
15.242178
14.985268
14.166098
13.734174
13.431891
13.480968
13.592192
13.950049
14.601278
15.894208
16.527784
17.765845
18.665410
19.624509
19.966271
20.361945
19.771596
17.512376
15.410230
14.182910
13.625536
13.982317
13.677950
12.345610
11.324304
10.680840
10.196321
10.063565
9.943952
9.707808
9.735291
9.940533
10.887952
12.405297
14.035934
15.980132
17.022608
17.731712
17.888052
17.342189
16.578085
15.761468
13.131102
11.837214
11.547025
10.754617
9.436712
8.450386
8.322103
9.608504
9.862192
10.091240
8.813122
9.623774
12.109379
14.042417
14.757307
15.530249
16.386168
17.033579
17.874310
18.269607
18.484256
17.978753
17.169034
15.456527
13.343062
11.020495
10.162814
9.502867
9.118953
8.628565
8.728639
8.453348
8.525920
8.011143
7.211182
7.893228
11.048974
12.700768
14.196934
15.760443
17.052245
18.691586
20.477723
22.340474
24.026079
24.379834
23.565765
21.091749
16.917598
15.186519
14.473312
13.782397
13.377643
13.103182
13.036213
12.589249
11.901141
11.119700
10.237640
10.533184
13.407856
16.594167
20.609633
24.539521
27.220144
29.366364
31.736250
33.631428
35.802660
36.735241
36.214327
31.288941
24.909052
23.083090
21.655382
19.971317
20.119408
19.378625
17.418145
17.640974
17.470814
16.543823
15.389135
15.213332
18.303477
22.121529
26.597919
29.775308
32.396483
34.841504
37.417374
39.372656
40.866246
41.717660
40.842682
37.397732
30.970960
27.944615
26.256211
23.326226
21.529753
19.587267
18.460690
18.667788
18.292960
17.509002
18.168330
19.271978
21.770765
25.158099
28.559705
32.294579
35.998482
39.190476
42.321332
42.584459
33.456777
28.908245
24.171809
21.770765
19.499374
17.097335
15.325001
13.653528
12.950551
12.945375
12.392011
11.536109
10.585814
9.556217
9.424312
9.308843
9.240034
9.211229
9.526546
9.751411
10.153059
10.199817
10.384487
10.629970
11.221212
11.538448
11.225776
10.967458
10.641579
10.710005
10.789835
10.772213
10.737045
10.790570
10.829578
10.862056
10.916130
11.138577
11.350399
11.625254
11.726859
12.606933
13.633658
14.588820
15.238196
16.523510
15.701083
15.270074
15.121150
15.013734
15.124116
15.057999
14.540037
14.238140
13.800633
13.443477
12.888563
12.142765
11.474687
11.020495
10.475772
9.883936
9.337917
9.173584
8.902046
8.838977
8.974879
9.052642
8.882217
10.173972
10.630695
11.302854
11.452212
11.466157
11.344254
11.094073
10.723883
9.728582
9.132901
8.493731
7.898250
7.371894
7.123071
7.156768
6.824577
6.466216
7.146031
7.114415
9.292726
11.039224
11.940446
12.761962
13.707850
14.931411
16.116576
16.416955
16.755739
16.874012
17.096234
16.395717
15.772749
15.312003
14.723474
14.554370
13.578695
13.308559
13.114518
13.151202
13.321820
13.287365
13.097953
13.488119
13.687004
14.010952
14.563932
15.188504
15.765570
16.572728
17.523623
19.915872
22.340474
21.845711
21.635076
20.233977
18.478362
17.618353
17.729439
16.840300
16.593095
17.448385
17.244325
17.113858
16.709281
16.775220
16.820753
16.911054
17.141427
16.270901
14.630062
14.998023
15.965610
16.927418
18.893738
21.647258
22.721836
22.259882
21.434272
19.860563
17.393539
15.753269
15.642937
14.122282
12.790095
12.071208
11.806160
11.401205
10.954792
10.539660
10.086392
9.770920
9.739319
10.041472
11.005532
13.021468
14.096236
14.794118
15.525189
16.205654
16.392533
17.014931
16.441409
15.956281
14.862139
14.307677
13.619223
13.385635
13.132849
12.463569
12.362164
11.950090
10.894620
10.208212
9.518647
10.239044
12.779006
16.380865
18.377244
19.431526
20.385055
20.828519
21.368593
22.964494
22.617524
22.282089
21.848441
21.578308
18.831334
17.273189
16.924144
15.491834
15.470641
15.450481
14.655049
14.634865
14.079514
14.171700
14.022975
14.411595
16.193052
18.626207
20.988745
23.156228
23.654865
24.036463
24.826516
24.984152
24.642443
24.301829
23.284346
19.586026
17.877745
16.353313
15.538346
15.201410
14.904059
14.736033
14.327465
14.365223
14.194128
13.642687
13.357240
13.526616
15.585996
17.231017
19.558757
20.849471
22.375291
22.364144
22.704892
22.635819
22.850689
22.820898
22.234923
21.585059
20.448080
19.169497
17.820576
16.204604
14.115767
13.410524
12.914360
12.814009
11.449115
10.564879
10.561994
12.973000
15.689847
18.760749
21.721832
24.270389
25.953228
27.676653
26.905824
27.705196
27.934462
27.114467
25.720915
23.803038
22.495422
20.962405
19.801630
18.734488
17.958051
17.869731
16.247722
14.655049
15.570775
16.701729
16.654327
17.009450
17.665887
17.182300
17.069828
19.221898
23.590567
26.251403
31.059932
33.249420
34.818945
34.905148
33.679198
31.093354
25.167364
22.582378
19.996564
18.117296
17.627399
17.094032
16.743844
15.505977
14.126007
13.869207
14.802848
15.595135
20.876999
24.180757
27.035444
30.154831
32.867301
35.476267
38.146011
38.670789
39.949037
39.459449
37.045717
31.988637
27.629698
24.134560
22.003147
20.565580
19.673016
19.551325
19.037228
18.726139
18.831334
18.259108
17.751047
17.460718
18.635704
20.748809
23.719316
26.246596
28.729179
30.591640
26.334848
25.820254
25.609362
24.745742
22.991596
20.932150
18.281280
16.612410
14.575414
12.404466
11.954914
11.814911
11.654317
11.368082
10.684482
10.303775
10.139139
10.334861
11.051976
12.243407
14.030379
16.497881
18.589445
20.168984
21.769405
23.243973
23.929845
24.246459
24.559168
23.621235
20.405616
17.948857
16.351195
14.505688
13.574199
11.848380
11.513528
9.802611
10.125929
11.216649
12.128098
12.424417
12.564865
13.385635
14.508547
14.648318
16.036253
16.369203
17.413669
18.037520
17.728302
16.099856
15.162720
14.796058
14.047049
13.516759
13.178336
12.823414
12.148473
11.659036
10.965967
10.180254
9.814096
9.172310
8.542653
9.637735
12.403636
15.361048
17.169034
18.635704
19.477146
20.550052
21.568859
21.774847
23.200783
23.391343
23.146178
22.226609
18.680873
16.064378
15.189496
14.483780
14.067448
14.043343
13.719645
13.202009
12.208140
13.018000
14.295440
15.879755
17.469692
19.490727
20.578529
20.468697
19.939798
18.770306
17.517999
17.195575
17.181194
17.061034
17.203322
17.533751
17.473059
17.519123
17.824002
18.141637
18.531467
19.003380
19.088099
19.537707
19.403214
19.063860
19.016671
19.419212
20.718823
21.655382
21.387340
22.143615
23.971258
23.987545
25.872423
26.677449
27.037088
26.208167
24.435470
21.992162
19.406905
16.361786
15.245165
13.749625
12.457731
11.048224
10.580757
10.062183
9.222742
8.956778
8.424945
9.762843
11.040723
11.859554
12.951414
14.368058
15.987397
17.842281
19.463574
20.471275
20.777526
21.617491
22.322388
20.652469
19.270755
18.266107
17.859433
17.611572
17.554023
17.558531
17.424861
17.687427
17.966099
17.771539
17.519123
17.638711
17.602534
17.405839
17.405839
18.179946
19.274424
20.406902
21.750365
21.706899
23.220930
26.583334
27.230070
24.849419
21.136787
18.753583
16.872923
16.066463
13.966636
12.451062
11.292907
10.339815
9.539723
8.850078
8.808820
9.776981
10.866492
11.842796
13.133722
14.430561
15.866344
17.266524
18.845719
19.994038
20.588892
20.986110
20.897994
19.968794
17.187830
14.953913
12.922107
12.248336
11.475462
10.587982
9.785743
9.483175
9.721206
9.481863
9.786417
11.001794
13.120626
16.553453
18.506668
20.511276
22.793972
24.366317
25.746112
26.722988
27.210222
27.284718
27.283061
25.376630
22.138091
19.719133
17.983356
17.145841
16.069591
15.378095
15.079681
14.641590
14.469508
14.299204
14.479021
15.866344
18.108031
20.791898
23.597866
27.271461
31.006151
34.849710
37.629636
40.018416
41.859447
42.270333
40.366885
36.933338
32.500598
27.755627
25.926268
24.458057
22.510828
21.213810
20.377349
20.007934
19.152464
18.004083
17.480916
19.831704
23.235329
26.713224
31.043233
36.397189
40.507010
44.251359
46.233822
46.549625
45.711619
44.276624
41.071751
37.128029
33.005986
29.271064
26.421747
24.412901
23.120351
22.524842
21.697401
20.752723
19.769095
19.079612
19.055383
21.387340
24.791435
27.941230
30.509321
34.198490
37.805485
38.359635
41.214002
42.782737
43.300533
42.391847
39.972151
36.568015
32.908267
28.470135
25.942124
23.249737
22.287644
21.120882
19.470976
17.191149
16.905602
16.807732
16.262469
18.552747
21.227114
24.442997
27.089751
28.470135
29.911525
31.266534
32.655378
34.097700
34.706340
34.767721
34.117837
29.607578
23.920979
21.697401
20.172802
18.922600
17.900657
17.014931
15.938672
15.702105
15.559621
14.873827
14.308619
17.146945
19.495668
22.468833
26.502433
30.821323
33.677206
35.386756
36.976526
38.114944
37.761456
38.270498
37.651578
35.324424
31.043233
26.486279
24.548587
23.379755
23.120351
22.315436
22.011388
20.922949
19.164629
18.730909
18.294128
20.493203
23.379755
27.487581
31.491236
35.365968
37.563876
39.056589
41.332871
41.214002
41.619376
39.147316
33.538050
30.145789
28.885591
26.599540
24.609103
23.524965
22.315436
21.481293
20.818050
20.377349
19.819169
19.286657
19.176801
20.480302
22.778397
24.412901
25.768178
28.903016
31.191945
33.498383
35.117339
36.632254
37.454499
37.193124
34.400847
28.230203
26.261019
25.082541
24.128605
23.249737
22.385048
21.929097
20.519026
20.121947
19.781603
19.298898
18.886528
21.548624
24.203138
26.648210
29.750274
32.212107
34.380565
35.699858
35.741787
36.248287
37.236576
34.421140
33.637396
30.876670
26.958263
23.612469
22.329343
22.454850
21.778930
21.081165
20.531949
20.403045
20.390193
20.454521
20.274850
20.557815
21.440984
20.300432
19.569908
20.583710
21.213810
19.970055
19.433989
19.944838
20.467408
19.249978
17.525873
16.883810
16.063335
15.610377
15.178582
15.020612
14.854351
14.864086
14.641590
14.139981
13.644493
13.305024
13.438128
13.735082
14.065592
14.545768
15.168667
15.969758
16.105080
15.949028
16.559876
17.268746
17.180088
17.604793
17.752185
17.797753
17.290972
16.753576
16.294108
15.959390
15.468624
15.298016
15.559621
15.529237
15.569760
15.448466
14.224080
14.469508
16.315231
18.552747
21.333814
23.481320
27.238344
30.290746
32.869250
34.543118
36.825562
38.092767
38.583266
34.829197
27.738808
23.293006
22.906108
21.347185
20.441641
21.240426
19.470976
17.774956
16.399963
15.569760
15.208364
18.684444
25.067146
28.798604
30.876670
31.098927
32.810801
34.158143
35.262187
34.726790
36.825562
36.653689
36.868640
35.055420
29.803940
25.705178
24.292843
22.948817
22.190611
21.643196
20.791898
19.508024
20.109251
19.128153
20.262069
23.336345
27.772456
31.868868
33.957030
36.847095
39.833638
40.413546
40.624104
40.812067
40.694502
40.064726
38.248243
35.762768
30.308908
25.847117
22.273759
18.970791
16.993016
15.559621
14.536216
14.195999
13.349263
13.402520
14.233452
17.514625
21.697401
26.133053
30.710888
32.966868
35.449185
36.503873
39.626650
40.390210
40.765005
43.350130
42.954734
40.906332
35.952075
30.839763
31.510024
33.478565
31.982925
27.504268
26.470133
26.778377
25.595251
22.820898
22.385048
22.011388
22.891887
24.262909
25.720915
26.389533
26.991082
25.783949
25.067146
25.878752
28.521780
29.130376
29.412345
27.604572
24.352807
21.956497
22.093948
21.901727
21.616139
21.602621
21.347185
21.414147
21.067940
20.570759
20.172802
19.982675
19.706660
19.894487
20.403045
21.751724
22.820898
23.891446
25.438926
25.548266
25.973861
26.325208
26.583334
26.021529
23.583270
23.077363
21.710971
20.635585
19.458640
18.084886
17.080826
15.897307
14.584031
13.340405
12.673654
14.010027
15.661279
17.514625
19.323398
21.001926
22.820898
24.113722
25.831313
26.925478
26.518596
25.595251
24.533479
24.069123
20.752723
17.469692
16.336378
16.549173
17.695368
17.102841
16.167874
15.630720
15.478712
15.148852
15.835435
16.495747
18.131202
20.609633
22.778397
24.898339
26.149019
27.073284
27.958157
28.937893
29.750274
30.527597
29.042746
28.042924
26.293097
23.758942
23.134696
21.054723
19.631965
18.131202
15.753269
15.579906
15.640901
15.020612
14.205354
16.624223
20.700590
24.745742
28.608037
30.839763
32.752442
33.717058
36.227059
37.695496
37.827517
37.761456
36.890195
34.380565
29.183065
25.563919
24.203138
22.849270
23.817753
22.552892
21.888053
20.765774
16.167874
14.660821
13.554430
15.268080
17.809161
22.426906
26.453996
29.911525
32.519910
34.482082
35.699858
35.034802
33.776912
32.986422
32.404185
29.678851
24.292843
20.687574
19.569908
19.433989
19.152464
18.635704
18.212505
17.809161
17.616093
17.080826
17.135910
16.982068
16.592022
16.336378
16.960189
18.224146
20.739679
22.315436
23.149049
23.134696
23.935757
24.503286
26.021529
29.060253
27.420924
24.024596
23.568682
22.038878
18.659465
16.453116
16.220367
15.928322
15.620546
15.278053
14.593610
14.252211
14.796058
16.199352
17.279856
18.027137
19.067494
19.262197
19.188981
19.433989
19.532757
20.519026
21.041513
20.480302
18.814564
16.667243
15.630720
14.603195
13.844486
13.278543
12.998945
12.150104
11.756146
11.590776
12.101249
13.982317
15.773775
17.091831
17.831997
17.672686
17.357804
17.866298
20.570759
22.093948
23.034444
23.220930
23.077363
22.566929
21.333814
19.944838
18.446563
18.684444
18.934638
18.946682
18.446563
17.157987
16.389350
16.581301
16.862043
17.582213
19.067494
20.713612
23.048743
23.729584
24.143495
24.292843
25.005646
25.610930
25.689449
25.626617
24.867754
23.935757
22.665399
21.697401
21.160664
20.804970
19.970055
18.778672
17.831997
17.102841
16.336378
15.804579
15.763519
16.796889
17.593500
19.957443
20.739679
21.792544
23.005871
24.563704
25.190541
25.470124
25.705178
23.861945
22.287644
21.067940
20.121947
18.982855
18.364345
17.763567
17.346649
17.368964
17.492146
17.638711
17.797753
17.604793
17.889198
18.862513
20.160078
21.333814
21.942794
20.223770
19.919648
20.274850
21.001926
21.860728
22.176780
23.891446
23.307444
21.107635
19.384769
18.004083
16.883810
16.073763
15.702105
15.600214
15.549487
15.590057
15.610377
15.671476
15.773775
16.241406
17.335501
18.084886
19.781603
20.778832
22.080169
24.898339
27.554380
27.772456
29.112832
28.367090
27.958157
26.405636
23.437745
20.109251
18.659465
17.616093
16.678013
15.980132
15.358041
14.981345
15.040279
15.681680
16.115530
17.080826
18.283616
20.134651
23.554102
24.837202
26.745783
28.179019
28.990278
30.127712
30.345261
31.416179
29.821847
28.144941
26.069274
23.120351
22.038878
21.697401
21.710971
21.548624
21.200512
21.970209
21.589111
20.765774
20.313234
20.765774
22.052634
24.458057
25.236951
26.357353
30.163875
32.519910
33.916932
31.811973
31.359989
31.247873
31.024687
30.254450
27.924313
26.696957
26.373439
25.407762
24.054273
23.235329
22.259882
21.454413
20.883558
20.506111
20.739679
21.535143
22.609084
24.277872
27.122710
29.130376
30.527597
31.755166
33.103957
34.685901
36.354592
36.099916
36.653689
35.783759
31.830928
26.811005
24.806682
24.307822
23.847206
23.495860
22.679497
21.616139
21.616139
21.320451
21.521670
24.563704
25.942124
29.483208
34.198490
37.695496
41.380503
45.271785
48.293003
47.669742
46.470499
45.841687
42.028213
37.827517
34.911313
33.617506
31.397440
29.130376
28.972807
29.465479
28.539013
26.892728
26.974668
25.831313
25.736661
27.721997
30.545883
33.202182
36.205842
40.064726
42.880948
44.912334
46.523237
48.675834
46.920429
47.858686
47.374138
43.399777
40.343572
38.538449
34.017255
31.944867
30.913617
29.025247
30.692516
24.203138
23.321891
22.820898
22.011388
22.426906
25.051758
26.941866
28.179019
27.106226
26.470133
26.941866
27.789293
31.811973
35.055420
36.804039
36.998136
36.227059
33.997170
30.363452
27.958157
26.599540
24.867754
25.501356
23.120351
22.566929
22.162956
21.160664
21.481293
24.292843
28.384241
32.404185
35.804761
37.214844
37.651578
36.057622
35.282922
35.076049
34.380565
34.057457
33.438959
31.247873
29.412345
27.856731
27.941230
27.537667
27.504268
27.139203
27.371024
25.501356
26.037435
25.783949
26.534768
27.504268
29.165493
30.913617
33.717058
36.142254
37.629636
39.329321
40.741492
42.076540
43.275753
44.606210
45.711619
43.723684
41.190264
36.439830
34.543118
32.078244
29.983437
28.573507
27.654844
26.762075
26.827332
25.454521
26.244994
28.349947
27.604572
33.617506
37.563876
41.523683
44.631651
45.271785
46.761200
48.293003
49.313268
49.507855
48.402115
46.076620
42.562478
41.142823
40.906332
39.695542
37.149716
35.867831
34.747250
33.518211
32.771885
32.500598
32.327234
33.182517
36.589417
40.647558
44.100033
47.053479
50.573026
53.301148
55.261471
56.937299
51.286485
40.134280
38.337334
36.998136
36.248287
31.622961
29.306329
28.042924
27.856731
29.060253
28.694522
28.213132
29.893571
31.510024
28.401402
29.147930
30.181971
31.191945
31.982925
32.791338
33.936976
31.717344
30.290746
37.019757
41.979934
43.003987
42.709207
39.489179
35.345191
30.766063
28.955346
27.738808
27.155705
26.293097
25.799728
25.595251
25.485736
26.309148
24.944278
28.213132
31.963891
34.482082
36.911761
40.111084
43.723684
45.789621
47.293796
47.588964
48.758211
49.008830
48.374817
46.444150
42.489277
38.026303
34.238878
32.539233
32.097338
29.165493
28.213132
26.974668
26.567137
27.089751
28.401402
28.521780
29.518696
30.582484
33.438959
36.269527
38.740482
40.483626
43.524109
42.440538
44.226107
44.733541
43.077957
42.100722
39.056589
36.653689
35.449185
34.319779
33.359871
32.674771
32.288819
31.453688
32.154678
32.021023
33.577758
34.788203
33.458757
30.509321
28.332814
27.721997
31.434929
32.791338
32.849757
34.198490
36.184635
37.258318
37.541978
35.720817
30.950602
27.238344
25.005646
23.627081
22.665399
20.936094
19.274424
18.564578
16.517099
15.980132
15.498904
17.593500
21.387340
25.973861
29.430047
32.752442
35.055420
36.954927
38.270498
39.466308
40.694502
40.812067
39.238227
36.911761
33.241543
29.643196
27.387648
24.203138
21.888053
21.535143
19.397064
18.577600
18.376071
17.525873
17.224367
19.995301
24.578829
29.430047
33.816866
36.718059
39.374938
40.835615
43.003987
44.100033
45.117429
45.323338
45.737607
42.270333
37.915754
32.869250
27.721997
26.005631
25.175088
21.874387
23.788332
24.503286
22.232151
20.778832
19.669281
20.936094
22.093948
23.847206
25.831313
27.638078
29.554221
31.416179
33.162862
34.077574
34.726790
35.055420
34.259088
32.674771
28.230203
23.206538
20.570759
19.213359
18.294128
17.357804
16.764395
15.980132
15.468624
14.854351
14.441001
16.283556
21.054723
23.965338
26.615755
29.183065
31.849893
34.117837
36.078764
37.871613
39.124617
39.443448
38.943437
36.998136
32.849757
30.418081
26.729499
25.283436
23.293006
21.792544
20.674566
20.713612
21.360563
21.081165
21.481293
24.837202
29.643196
34.400847
36.804039
39.672567
41.190264
41.883520
43.924055
39.079254
40.694502
42.930126
39.489179
39.580781
35.973163
32.212107
27.975092
26.325208
24.533479
23.773633
23.177778
22.162956
21.942794
21.521670
21.267072
22.538863
23.656328
23.788332
23.612469
24.928957
26.860013
25.159643
25.036379
25.720915
25.878752
26.389533
26.745783
25.532621
24.624253
23.597866
23.524965
23.452262
23.920979
23.876692
23.935757
24.009769
23.803038
23.568682
23.700258
24.233007
24.488201
24.024596
24.173300
24.883042
26.876366
26.325208
25.516984
24.518378
24.821938
24.292843
23.994951
23.495860
23.020154
22.679497
22.038878
21.738132
20.160078
19.201166
18.850516
18.778672
18.131202
17.202215
16.862043
18.647581
22.190611
26.405636
28.885591
31.154709
33.261239
35.386756
35.699858
37.106352
37.717471
38.740482
37.629636
36.121080
32.423447
28.110900
26.405636
23.641701
21.602621
20.648571
20.274850
19.520387
18.910569
18.247447
18.481899
19.932240
24.039430
29.412345
33.697127
35.657973
37.498216
39.626650
39.787559
39.170027
40.203939
40.064726
39.810593
37.258318
33.478565
30.181971
26.534768
25.392192
24.277872
23.365277
21.751724
21.860728
20.403045
20.121947
20.661565
22.721836
25.973861
29.465479
33.697127
36.782528
37.432656
38.988663
39.420600
39.833638
40.460255
40.413546
39.879762
37.498216
32.384932
27.975092
25.626617
25.361077
25.894583
24.158394
20.752723
20.211017
20.687574
20.557815
20.172802
21.200512
22.398993
23.832476
25.862931
28.573507
31.698448
34.849710
37.695496
39.079254
39.649603
38.740482
36.675135
34.077574
31.210578
28.521780
27.040377
26.277054
26.133053
25.942124
25.894583
25.579581
24.837202
24.292843
23.994951
24.898339
26.021529
27.975092
29.625382
29.714544
34.279308
31.585276
33.399394
35.657973
37.128029
36.718059
36.954927
36.675135
34.057457
31.811973
31.491236
31.173322
31.006151
30.491054
29.007758
28.281468
27.454235
27.023937
27.106226
29.678851
32.908267
35.014194
34.218679
30.932104
33.736999
36.461167
33.957030
33.438959
35.034802
37.432656
36.610830
35.973163
34.137985
31.210578
29.536454
29.200646
29.678851
29.857690
28.798604
29.306329
29.376969
27.387648
25.847117
24.898339
24.760964
25.862931
25.973861
27.604572
27.172215
27.738808
32.269626
35.117339
33.084343
34.624645
34.077574
33.143217
28.694522
24.821938
23.935757
22.948817
21.997654
22.149139
22.149139
22.357180
22.835080
22.963069
23.264152
23.803038
25.005646
27.520963
29.911525
32.192954
25.973861
28.504556
32.097338
34.340031
35.595224
36.142254
36.099916
35.200046
32.288819
30.218191
26.892728
25.005646
24.188215
23.307444
22.849270
22.080169
21.643196
21.067940
20.909811
21.997654
24.488201
28.247282
30.913617
31.585276
32.135555
33.202182
34.502417
35.553445
35.055420
34.017255
33.084343
32.097338
28.781234
25.752415
25.910421
25.082541
24.427945
24.563704
24.821938
24.745742
24.578829
24.412901
23.920979
24.218068
25.051758
26.228977
30.363452
33.478565
36.142254
39.033936
41.214002
43.077957
42.979354
43.350130
43.077957
43.250986
39.764538
36.099916
31.528822
29.183065
26.811005
23.481320
21.427562
20.739679
20.765774
19.756594
19.323398
19.995301
22.343258
25.051758
27.654844
29.732405
30.950602
32.365690
35.324424
36.933338
37.937841
38.605691
36.290776
33.617506
30.527597
27.958157
26.164993
25.236951
24.898339
23.714917
20.818050
20.351682
19.323398
18.601296
18.742840
19.631965
21.320451
21.792544
19.397064
20.622605
24.563704
26.745783
27.504268
28.955346
30.913617
30.950602
30.254450
28.196071
23.627081
19.520387
18.015606
16.656479
15.835435
15.000967
14.084157
13.753263
13.208153
12.648280
12.564025
14.327465
17.877745
21.028310
23.452262
24.518378
25.579581
26.550948
27.437575
28.349947
28.955346
29.271064
28.833372
26.876366
22.721836
20.172802
17.981054
16.199352
15.338010
14.280391
13.789689
13.420314
12.869674
12.665191
12.564025
14.460000
17.877745
20.831137
23.920979
26.277054
27.254898
28.281468
29.589783
30.327080
31.024687
31.585276
30.564179
28.179019
25.376630
22.735965
20.936094
18.505488
16.938336
15.559621
15.040279
14.545768
13.927040
13.402520
13.296192
15.358041
19.384769
23.627081
26.827332
28.487341
30.969109
32.404185
34.421140
34.849710
35.553445
35.616130
34.461758
30.784473
26.925478
23.861945
23.408734
23.803038
23.235329
22.665399
21.535143
21.888053
20.765774
20.096562
19.970055
20.185534
20.377349
20.752723
22.066398
24.128605
23.876692
23.293006
23.365277
22.637226
23.192154
23.336345
22.991596
21.970209
21.575608
20.700590
20.428769
20.274850
20.454521
20.287638
19.856796
19.781603
19.557518
19.323398
19.152464
19.091737
19.311145
19.594710
21.054723
23.994951
25.942124
27.839859
29.857690
31.679561
33.182517
34.017255
32.810801
31.472457
28.401402
24.203138
21.874387
20.185534
19.347926
17.992565
16.949260
15.928322
15.358041
14.961746
15.079681
17.146945
22.121529
27.705196
32.752442
34.482082
37.607705
39.626650
38.114944
36.954927
32.927791
29.965445
27.321203
26.421747
24.473125
23.077363
22.176780
20.134651
19.409366
18.647581
18.119613
18.189243
17.604793
16.960189
16.506420
18.982855
23.408734
28.401402
31.982925
34.218679
35.365968
36.761027
38.315044
38.538449
38.114944
37.607705
34.911313
31.736250
29.430047
26.892728
25.206003
24.158394
23.481320
23.278575
22.524842
21.187222
20.752723
20.687574
20.531949
22.609084
26.180976
29.821847
33.736999
37.783465
42.318902
44.504573
46.947013
47.588964
47.750638
49.171916
49.338249
43.773702
38.048446
31.736250
28.418572
26.164993
25.438926
24.806682
24.069123
22.580973
22.315436
21.373948
20.857333
22.329343
26.680700
28.955346
31.811973
34.057457
35.262187
36.099916
36.976526
38.225998
38.225998
38.159332
37.498216
34.360293
29.200646
26.502433
24.262909
21.562112
20.096562
19.140305
18.004083
17.548390
16.993016
16.753576
16.368143
18.684444
22.991596
28.196071
31.717344
33.241543
34.665472
35.657973
36.739538
37.761456
38.695507
38.785504
38.762987
36.036491
31.043233
27.856731
24.548587
23.293006
21.970209
20.045875
19.831704
18.982855
19.007004
18.096455
18.611969
19.957443
23.206538
25.298948
28.659900
30.784473
30.913617
30.327080
30.527597
33.064738
31.660684
31.528822
31.793027
31.622961
30.200077
28.659900
27.040377
25.298948
24.473125
23.408734
22.566929
22.920336
21.983928
22.052634
21.347185
21.360563
22.906108
24.928957
25.799728
23.906209
23.980141
24.458057
24.700122
25.563919
27.420924
29.857690
29.714544
27.806139
23.832476
21.697401
20.351682
18.050217
16.667243
15.876659
15.630720
15.010787
14.728303
14.393599
14.112045
16.178361
19.744100
23.906209
26.437867
28.452938
29.253446
30.127712
32.078244
31.043233
30.091586
29.430047
27.806139
26.437867
24.913644
23.481320
22.454850
22.038878
21.847076
20.531949
19.545134
18.471292
18.131202
17.582213
16.883810
17.080826
18.270774
20.236529
22.510828
24.730527
26.534768
27.487581
28.659900
29.500947
28.815983
29.218237
27.772456
27.238344
23.700258
21.240426
19.067494
17.357804
16.021686
15.338010
14.555326
14.065592
13.296192
12.826836
12.446896
13.725999
17.191149
21.874387
26.974668
30.200077
33.458757
35.867831
37.607705
38.292766
38.650576
36.739538
36.482515
33.736999
30.729270
27.040377
20.752723
20.262069
20.428769
20.313234
20.583710
20.249296
18.886528
17.135910
16.157394
17.025898
19.311145
21.333814
23.336345
24.883042
26.005631
27.023937
27.924313
28.144941
29.323975
29.678851
29.643196
28.590768
25.610930
22.149139
19.706660
17.695368
16.634969
16.294108
15.681680
15.610377
15.198431
14.689708
13.798808
16.753576
20.160078
24.307822
29.571997
33.876875
37.476352
40.227182
42.807271
45.349134
46.444150
46.523237
45.711619
41.907605
37.541978
34.993596
33.084343
32.365690
30.600799
29.077770
28.179019
27.106226
23.048743
21.333814
20.962405
21.387340
25.221473
28.127916
30.418081
34.829197
38.605691
41.547588
43.275753
44.861187
45.867739
44.937926
43.399777
39.718529
33.538050
30.399862
28.539013
28.127916
27.587833
25.989742
27.007505
25.595251
25.532621
25.361077
25.610930
25.720915
26.827332
29.306329
30.674153
33.677206
36.761027
36.482515
36.015371
36.163439
36.482515
35.994261
34.279308
31.585276
27.504268
24.776196
23.149049
21.751724
20.428769
19.907064
19.508024
18.659465
18.388977
17.935074
18.061767
18.317507
19.323398
20.609633
22.948817
25.485736
27.907404
30.200077
32.694173
34.747250
35.386756
35.657973
35.511709
32.888754
27.172215
23.758942
22.468833
21.293747
20.300432
20.364512
19.249978
18.388977
17.424861
17.570932
17.102841
17.969549
21.213810
23.906209
27.172215
29.130376
29.875626
30.582484
32.192954
33.816866
34.077574
34.057457
32.154678
30.913617
28.539013
27.371024
28.059905
27.172215
27.089751
26.729499
26.502433
26.648210
26.085206
25.548266
25.610930
26.149019
27.155705
29.025247
33.478565
38.853121
43.325326
46.787705
49.396581
51.286485
48.238527
49.033677
47.804636
44.682570
42.294612
40.413546
39.124617
39.033936
39.626650
38.717989
38.808031
37.805485
36.911761
36.333309
35.762768
35.888876
37.432656
39.879762
41.571505
43.823770
46.681762
49.421599
51.718740
53.688312
54.258555
50.092810
50.064685
44.403137
37.761456
33.936976
31.982925
30.200077
28.521780
27.288033
26.389533
25.689449
25.021009
24.745742
24.262909
25.720915
26.696957
24.624253
24.488201
28.298574
31.736250
32.810801
30.876670
28.315689
28.798604
28.763873
28.763873
26.958263
27.321203
26.212968
24.503286
23.495860
22.750101
21.847076
20.883558
19.957443
19.470976
18.695157
18.119613
19.213359
22.792556
27.873613
33.597627
35.324424
34.604248
34.400847
35.825773
36.782528
37.280072
37.345399
36.610830
33.617506
30.073538
27.106226
25.051758
22.538863
20.949246
20.223770
19.360201
18.862513
17.774956
17.661355
16.905602
18.061767
21.683839
25.989742
30.109645
32.888754
35.365968
37.345399
39.215482
40.906332
41.691271
41.547588
40.507010
37.739458
33.756950
29.536454
26.843668
26.101146
24.760964
23.980141
23.408734
22.468833
21.656736
21.015115
20.493203
21.107635
25.097945
30.509321
36.696591
39.925934
42.391847
44.100033
45.194550
46.973610
48.102570
47.400946
44.733541
39.420600
32.135555
29.235837
27.188734
26.648210
24.928957
24.188215
23.394241
23.077363
23.336345
23.149049
21.280406
21.983928
26.389533
29.839764
35.179353
38.920841
41.024429
42.856377
44.276624
45.271785
45.711619
45.246027
43.077957
38.315044
32.135555
27.975092
25.736661
24.352807
23.627081
23.163410
22.454850
21.751724
21.081165
20.778832
20.300432
21.535143
25.799728
30.236316
34.563484
37.563876
39.534957
41.404336
42.538065
42.880948
43.275753
41.523683
39.443448
35.930998
31.774092
29.341630
27.671619
27.288033
27.040377
27.122710
27.958157
26.005631
23.583270
23.005871
23.134696
23.539530
23.685607
25.221473
25.159643
26.405636
29.678851
34.158143
35.117339
34.849710
31.679561
31.660684
33.637396
33.221858
31.528822
30.637457
29.306329
28.504556
27.772456
27.789293
25.345532
21.535143
21.320451
20.949246
20.661565
21.293747
21.792544
23.612469
24.533479
26.486279
27.890504
29.359295
30.418081
32.097338
32.558565
32.947324
31.830928
28.539013
24.654576
23.091684
21.467850
20.428769
19.397064
19.201166
18.108031
16.796889
16.731956
16.188853
15.651087
16.167874
17.335501
18.529104
20.804970
25.175088
28.418572
30.454548
32.346457
33.876875
34.299538
34.665472
34.097700
32.577908
28.332814
25.144206
23.583270
20.531949
20.454521
20.211017
19.067494
17.820576
16.818582
16.506420
16.721155
17.246544
19.644397
23.321891
26.085206
28.539013
30.254450
32.078244
34.259088
35.262187
36.248287
35.490857
33.478565
29.661019
25.736661
23.994951
23.568682
23.920979
24.791435
24.143495
23.379755
22.849270
23.005871
22.609084
22.301536
22.496822
22.637226
20.870442
20.726642
26.261019
30.545883
33.458757
31.136105
32.231270
33.796884
34.829197
35.241463
32.966868
26.470133
21.440984
20.622605
19.458640
19.176801
18.481899
17.224367
16.495747
16.052914
15.681680
15.418273
16.421206
18.958733
21.670284
24.098848
25.910421
25.516984
26.615755
26.599540
27.254898
27.705196
26.277054
26.293097
23.980141
22.385048
20.493203
19.656835
18.718985
17.946560
17.627399
17.391304
16.883810
16.294108
16.775220
16.602750
16.851168
18.910569
20.687574
21.440984
21.833432
22.721836
24.352807
25.097945
24.745742
26.164993
25.831313
25.221473
23.077363
18.826541
17.191149
16.105080
15.408220
14.460000
14.019275
13.608405
13.164325
12.912638
12.405297
12.125655
13.016267
15.773775
19.656835
23.077363
25.658016
26.615755
28.179019
29.518696
30.272593
30.491054
30.254450
29.007758
26.053350
21.901727
19.569908
18.922600
17.958051
17.047851
16.000897
15.519120
15.129061
14.873827
14.747634
14.507594
14.981345
18.306983
21.915408
25.392192
28.384241
30.564179
32.135555
33.359871
34.279308
34.421140
33.736999
32.116441
28.332814
23.539530
22.232151
21.440984
20.071205
19.483318
18.982855
18.517293
18.588260
18.446563
18.623833
18.754777
20.096562
21.847076
24.867754
28.590768
32.908267
37.128029
39.649603
41.739261
43.102639
43.176757
42.367520
40.273703
36.525243
33.005986
30.987625
30.181971
29.183065
28.694522
27.856731
27.387648
26.958263
26.261019
25.082541
24.518378
24.262909
25.752415
29.875626
31.378710
34.931868
36.847095
36.761027
37.084687
34.931868
35.720817
34.645053
32.059161
29.821847
27.721997
26.486279
25.673728
25.610930
25.438926
25.595251
25.831313
26.341276
26.261019
25.470124
25.082541
24.654576
24.563704
24.262909
24.806682
24.837202
25.252438
25.878752
26.664450
27.924313
23.307444
23.423236
23.394241
23.235329
21.970209
21.387340
21.629664
21.888053
21.521670
21.227114
21.054723
20.480302
20.185534
20.236529
20.223770
20.198272
20.274850
20.211017
20.262069
21.942794
25.283436
28.384241
29.786042
30.950602
31.266534
29.786042
27.621321
25.392192
22.679497
19.819169
18.850516
18.611969
17.436060
15.681680
15.218302
14.854351
14.932389
14.555326
14.010027
14.526670
16.872923
19.881916
22.679497
24.898339
26.421747
28.230203
28.955346
29.412345
29.643196
29.768154
29.218237
26.244994
23.149049
21.347185
19.594710
19.907064
20.519026
19.656835
18.708260
17.661355
17.458475
16.495747
15.059969
15.218302
16.971125
18.611969
19.274424
20.700590
21.697401
22.835080
23.920979
24.898339
24.928957
24.548587
23.627081
21.147396
18.352626
16.325801
15.178582
13.908658
13.393631
12.775595
12.421922
12.141950
12.068775
12.835394
13.129356
13.653528
15.509009
17.458475
20.147361
21.710971
22.721836
23.437745
23.847206
24.069123
24.367819
23.437745
22.107735
19.433989
15.907639
14.526670
13.753263
13.689722
13.155575
12.363821
11.772003
10.750221
10.382355
9.977509
9.422356
10.389461
12.707555
15.318001
17.935074
20.020574
21.562112
22.595025
23.597866
23.264152
23.206538
22.977328
21.589111
18.778672
15.661279
14.093448
13.653528
13.527513
13.287365
13.103182
12.052566
11.963762
11.795824
12.012129
11.772003
11.732395
14.167965
17.279856
20.020574
21.929097
23.685607
24.745742
25.957988
25.783949
25.626617
24.974946
24.069123
22.637226
21.134135
20.791898
20.687574
20.364512
19.894487
18.684444
17.854858
17.069828
17.559658
17.627399
16.710360
16.506420
17.923596
18.922600
19.744100
21.293747
23.994951
25.267933
27.705196
28.315689
27.007505
26.843668
25.705178
23.758942
22.906108
22.204450
21.778930
21.360563
20.609633
20.109251
19.831704
19.520387
19.335659
19.323398
19.103869
18.376071
18.061767
17.820576
17.729439
17.740809
18.073323
19.274424
20.988745
21.347185
20.313234
19.794118
19.907064
19.681734
19.225558
19.007004
19.152464
18.552747
17.969549
17.981054
18.027137
18.552747
18.635704
18.108031
17.157987
17.346649
18.754777
21.041513
24.143495
26.277054
27.554380
28.763873
29.536454
30.381652
30.582484
30.163875
28.298574
25.454521
22.764245
20.739679
19.806640
19.019089
18.481899
17.946560
16.634969
15.938672
15.845732
15.069822
13.789689
14.177304
17.290972
21.494745
24.715320
27.958157
30.254450
31.006151
32.577908
33.123582
32.674771
31.397440
29.483208
25.815516
22.176780
20.922949
20.480302
19.520387
18.564578
17.525873
17.889198
17.135910
16.764395
16.063335
15.722553
15.590057
17.695368
21.015115
24.488201
27.437575
29.732405
31.024687
32.327234
32.519910
32.558565
31.982925
29.607578
25.067146
21.778930
20.033221
18.874517
18.027137
17.616093
17.514625
17.224367
16.883810
16.220367
16.442473
16.421206
16.592022
18.934638
21.833432
25.036379
27.089751
27.755627
29.253446
30.308908
30.564179
30.327080
29.893571
28.487341
25.783949
23.408734
22.906108
21.833432
21.333814
20.844232
20.949246
21.253746
20.531949
19.781603
19.569908
19.335659
19.470976
21.575608
25.082541
27.520963
30.729270
33.064738
35.200046
36.015371
36.184635
36.568015
35.490857
32.986422
28.920450
26.053350
24.158394
23.048743
21.792544
20.988745
20.870442
18.623833
18.577600
18.684444
18.577600
19.237765
19.894487
22.066398
22.934573
23.965338
25.392192
29.714544
32.097338
33.202182
33.064738
33.977095
33.280945
31.359989
27.755627
25.847117
23.612469
22.385048
21.015115
20.134651
19.731613
19.116008
18.671356
17.268746
17.380131
16.883810
15.969758
19.421674
22.482824
26.437867
29.678851
32.135555
32.462002
33.419172
34.563484
34.931868
34.259088
31.906848
27.371024
24.776196
23.394241
20.922949
19.769095
19.019089
17.809161
17.786352
17.935074
16.971125
15.712326
16.178361
16.021686
17.786352
20.778832
24.337804
28.972807
32.288819
33.896898
35.138000
35.741787
32.135555
26.615755
23.554102
22.792556
21.806166
21.535143
21.494745
21.267072
20.936094
20.687574
20.428769
19.995301
19.681734
19.286657
18.886528
18.970791
19.932240
20.818050
22.315436
23.906209
25.705178
28.384241
29.483208
30.491054
31.982925
31.849893
29.750274
26.373439
22.948817
21.942794
22.038878
21.134135
20.531949
21.120882
20.635585
20.262069
19.919648
18.471292
17.969549
17.763567
20.007934
23.249737
26.534768
28.452938
30.600799
31.303887
32.674771
33.538050
33.241543
32.346457
29.465479
25.532621
23.510409
21.414147
19.995301
18.790629
18.874517
17.854858
17.413669
17.324360
17.324360
17.135910
16.485080
16.753576
18.038674
21.001926
24.337804
27.205262
30.145789
30.913617
31.887853
30.950602
31.210578
29.911525
28.093892
24.959608
23.365277
21.765323
20.791898
20.351682
19.706660
19.458640
19.103869
18.862513
19.176801
18.790629
18.708260
18.934638
19.669281
21.333814
23.005871
23.876692
25.673728
28.711846
30.127712
28.850769
27.387648
26.925478
25.736661
23.685607
21.847076
20.300432
18.529104
16.634969
15.722553
14.864086
14.336897
14.028527
13.735082
13.680666
13.680666
13.644493
16.063335
21.107635
26.021529
29.678851
32.365690
34.037351
34.849710
34.747250
35.096689
34.340031
32.288819
28.694522
25.926268
23.495860
22.440874
20.109251
19.055383
18.306983
17.413669
16.753576
15.845732
15.288031
14.555326
14.224080
16.357549
20.883558
23.920979
27.873613
31.887853
33.717058
35.365968
34.299538
35.345191
34.461758
31.793027
28.972807
26.909098
23.293006
21.001926
18.934638
18.015606
17.458475
16.818582
16.453116
15.763519
15.138954
14.327465
13.899474
16.209857
20.480302
25.021009
29.483208
32.365690
33.123582
33.637396
34.400847
33.320387
31.887853
28.179019
25.532621
23.091684
20.962405
19.311145
18.108031
18.061767
16.894703
15.539359
15.248152
13.807933
13.482755
13.068355
12.330728
13.094468
16.613483
22.121529
25.128777
26.696957
28.418572
29.253446
30.145789
30.037469
29.536454
27.437575
23.307444
20.493203
18.802593
17.923596
16.796889
15.928322
15.258113
14.308619
13.789689
14.177304
14.102744
13.671615
14.507594
16.146919
19.298898
24.639410
29.571997
31.868868
34.037351
35.158671
35.138000
35.117339
34.665472
32.308022
27.504268
23.891446
23.495860
22.679497
22.121529
21.997654
22.735965
22.329343
22.011388
21.320451
21.860728
21.765323
21.467850
20.467408
19.769095
20.557815
20.687574
18.458335
17.469692
17.843424
18.611969
20.480302
20.428769
20.109251
17.503382
15.418273
13.698783
12.741535
12.133800
11.629963
11.129513
10.860578
10.904999
10.699060
10.417924
10.368158
10.425050
12.297713
15.732786
17.923596
18.934638
19.619540
19.055383
18.235793
18.540922
18.564578
18.004083
18.038674
15.640901
14.374676
14.065592
13.635463
12.750043
11.883531
11.867542
11.819688
11.685021
11.827652
12.207321
12.248336
12.413607
12.809736
13.626439
15.010787
17.889198
21.187222
23.336345
25.563919
25.831313
26.518596
26.261019
24.654576
21.710971
18.564578
16.399963
15.438396
14.479021
13.173081
12.673654
11.779939
11.174900
11.358084
10.720960
10.882769
10.325668
11.795824
15.559621
19.694193
20.661565
22.637226
24.322809
25.579581
25.470124
24.427945
23.568682
22.204450
19.669281
18.294128
18.412463
17.069828
17.213288
17.146945
16.399963
14.932389
14.651203
14.336897
14.149304
13.635463
13.173081
14.214714
16.549173
19.932240
23.034444
25.423340
24.990292
24.548587
24.563704
23.700258
23.876692
21.347185
17.763567
16.688789
16.073763
15.969758
15.681680
15.268080
14.670444
14.593610
14.786362
15.198431
15.119173
14.971543
14.873827
15.000967
17.548390
18.838525
21.589111
22.665399
24.458057
27.188734
28.110900
28.487341
28.059905
25.831313
20.857333
17.958051
16.094635
15.288031
14.883573
14.469508
14.186649
14.149304
13.545452
12.818283
12.733032
12.133800
11.764072
14.233452
19.079612
23.906209
29.253446
31.491236
35.553445
34.137985
32.059161
31.359989
29.500947
26.005631
22.176780
19.844247
17.537129
15.600214
12.733032
11.963762
13.331552
13.554430
12.580836
11.875534
12.388692
12.060668
10.934702
12.388692
15.358041
16.971125
18.399542
19.831704
21.293747
22.426906
22.357180
22.552892
21.847076
19.944838
15.835435
12.843956
11.235671
10.539660
9.834393
9.318526
8.728639
8.434403
8.034911
7.663072
7.576554
7.285688
7.385034
8.795923
12.446896
15.418273
17.604793
19.719133
21.589111
22.735965
23.935757
24.990292
23.876692
20.519026
16.241406
14.158632
12.513708
12.273002
11.811728
11.121964
10.575703
10.332739
10.060110
9.977509
9.094905
9.183779
9.299170
11.637814
15.509009
19.043278
22.011388
23.758942
24.458057
24.913644
24.397866
25.942124
25.407762
24.277872
23.481320
22.891887
22.273759
21.360563
20.975572
19.907064
19.545134
19.433989
20.007934
19.384769
18.946682
19.298898
19.286657
19.201166
18.862513
17.514625
15.148852
14.766987
15.318001
15.509009
16.431837
15.907639
14.912846
14.289795
12.792656
12.463569
12.330728
12.430242
11.835620
11.590776
12.060668
12.538844
12.555626
12.505340
12.388692
11.645670
11.205249
11.614274
11.827652
12.707555
13.707850
13.862794
13.024936
11.787879
10.838427
10.890175
11.205249
11.054227
10.801598
10.582924
10.801598
11.031729
10.396570
10.248169
10.460748
10.518087
10.489383
10.503726
10.489383
10.677200
10.757548
11.069248
11.528318
12.012129
12.380397
13.753263
15.079681
14.641590
15.308005
14.932389
14.622382
13.807933
11.365774
10.669921
9.881896
9.228503
8.177683
7.249385
6.718850
7.080387
6.579817
5.978578
6.066429
6.128602
6.031153
6.743082
8.200733
11.489433
14.612786
15.458542
17.559658
17.582213
18.084886
16.872923
15.814858
14.766987
13.744170
13.402520
13.007604
12.547233
12.522082
12.388692
12.076886
11.931613
11.182481
10.706356
10.860578
11.039224
11.054227
11.205249
11.661396
12.555626
14.028527
15.876659
17.324360
18.481899
19.806640
19.384769
18.826541
17.335501
15.418273
14.912846
14.737966
14.641590
14.728303
14.631983
14.670444
13.908658
13.050972
13.033609
12.998945
12.758555
12.297713
11.891533
11.528318
11.543905
11.296732
11.987924
12.513708
13.068355
13.155575
12.767073
12.597667
12.020207
10.808955
10.046301
9.190157
8.944313
8.148951
7.374521
6.767391
6.999709
6.964668
6.939734
6.656207
6.603605
6.485419
7.369269
10.318602
14.403068
18.388977
21.643196
24.883042
27.139203
26.648210
26.180976
25.548266
22.906108
18.119613
15.990512
14.680074
14.318039
13.199377
12.639832
13.216934
13.518551
13.225720
12.724535
12.182771
11.365774
10.640853
10.403684
10.325668
10.460748
10.772213
11.001794
11.319705
11.335043
11.551705
11.875534
11.489433
11.084287
10.684482
10.375255
9.998103
9.814096
9.646387
9.487766
9.324985
9.107555
8.808205
8.276041
7.316932
6.462007
6.035553
6.039955
7.849823
9.956952
11.258534
12.109379
13.146830
13.936240
14.699349
14.728303
14.412543
12.938477
11.358084
10.255193
9.075960
8.034911
7.866492
7.213243
6.392220
5.684066
5.065039
4.956787
4.839719
4.850589
4.846963
4.886979
5.038719
5.331063
5.763855
6.200346
6.979666
7.581936
8.108876
8.281859
8.351959
7.480253
6.447996
5.887548
5.543722
5.507090
5.692419
5.785016
5.874644
5.939414
5.952444
6.062010
6.075277
6.124143
6.128602
6.277387
6.584568
6.964668
7.285688
7.528267
7.855376
8.029247
8.126029
8.051927
8.017928
7.805524
7.641361
7.533619
7.443095
7.065198
6.865403
6.796664
6.718850
6.718850
6.718850
6.494804
6.341467
6.341467
6.373723
6.499502
6.865403
7.332599
7.849823
8.006623
8.287681
8.814352
9.834393
9.507467
9.151951
8.795923
8.487781
8.218058
8.040580
7.883193
7.838728
7.744973
7.448393
7.290887
7.316932
7.228713
7.105767
6.949698
6.406124
6.494804
7.105767
7.978422
8.613490
8.783655
8.988007
9.145597
9.228503
9.468101
8.746944
8.080357
7.933482
7.866492
7.805524
7.690287
7.668508
7.635942
7.603497
7.598102
7.560428
7.459000
7.437800
7.459000
7.421936
7.474935
7.712120
8.046252
8.276041
8.577407
8.845143
9.094905
9.202923
9.171036
8.988007
8.913217
8.944313
8.988007
9.044461
9.101228
9.132901
9.120220
9.006790
8.988007
8.969258
8.956778
8.950543
8.956778
8.919429
9.057049
9.441937
10.087777
10.325668
10.453600
10.735582
10.994322
11.273800
11.724488
11.466157
10.912418
10.539660
10.039403
8.994264
8.281859
7.734008
8.541457
8.808205
8.034911
7.761446
7.406101
7.933482
8.387205
8.387205
8.547440
9.013059
9.606514
10.053204
10.503726
10.750221
11.388870
11.883531
11.716585
11.266165
10.626345
10.039403
9.474652
9.344388
9.196538
9.132901
9.063349
8.808205
8.649708
8.667866
8.328535
8.287681
8.293506
8.276041
8.351959
8.789787
9.183779
9.527204
9.956952
10.662648
11.512750
12.060668
12.289471
11.716585
10.080854
8.416676
7.701197
7.131227
6.845701
7.233876
6.772262
6.757658
6.613142
6.401486
6.204855
6.490110
7.249385
7.353533
8.086054
9.875098
11.843594
14.507594
16.894703
18.540922
20.287638
21.440984
22.218297
22.538863
20.506111
17.981054
16.786051
16.378744
15.938672
15.069822
13.402520
11.335043
11.756146
11.512750
10.845807
10.425050
9.646387
9.164671
9.699777
12.724535
15.691890
18.718985
20.674566
22.315436
23.950544
24.054273
24.974946
23.192154
20.160078
18.038674
17.346649
16.021686
15.368065
14.660821
15.278053
15.348022
15.348022
15.702105
16.399963
15.917978
15.059969
13.771465
14.680074
15.712326
16.209857
16.389350
16.538475
16.667243
16.993016
18.061767
18.659465
18.708260
18.177622
17.866298
17.831997
17.935074
17.877745
17.559658
18.038674
17.413669
17.548390
18.061767
18.611969
18.802593
18.247447
17.695368
16.021686
12.826836
12.665191
12.818283
12.801193
12.673654
12.248336
11.373468
11.031729
10.539660
10.227122
10.067021
10.032510
9.936432
9.834393
9.766881
9.646387
9.344388
9.145597
8.944313
8.771403
8.802062
8.631582
8.487781
8.293506
8.241208
8.252805
8.340240
8.316844
8.241208
8.287681
8.351959
8.452163
8.469956
8.375442
8.375442
8.375442
8.351959
8.223840
8.046252
7.766943
7.223553
7.050037
7.034905
7.172131
7.208092
7.182390
7.223553
7.213243
7.576554
7.838728
8.299335
8.988007
9.113886
9.247728
10.060110
11.031729
11.536109
10.011853
8.692131
8.166179
7.739489
7.464308
7.131227
6.974664
6.885156
6.870337
6.575068
6.364492
6.499502
6.415408
5.861765
5.827544
7.136329
8.097458
10.269254
13.007604
15.010787
14.912846
13.447043
12.938477
13.234511
12.826836
11.653531
11.205249
10.957026
10.304481
9.383301
8.655757
9.158309
8.446239
8.452163
9.132901
10.143313
10.346894
9.814096
10.375255
12.305959
12.555626
13.617419
14.488540
14.469508
13.707850
12.305959
12.256553
11.466157
11.114420
10.604615
9.909131
9.666378
9.013059
8.264416
7.766943
7.244212
6.728534
6.323100
6.295637
5.991684
5.831812
5.588788
6.254641
8.017928
10.453600
12.622952
14.000785
15.198431
15.188504
16.251934
16.157394
15.030443
13.269726
10.532465
9.699777
8.481836
7.899925
7.490899
7.075321
6.796664
6.480730
6.575068
6.346066
6.313934
6.447996
6.017971
6.350668
8.212279
10.971931
13.007604
14.603195
15.681680
16.731956
16.960189
16.688789
15.178582
12.572428
10.297427
10.439316
10.325668
10.339815
9.881896
9.063349
9.435406
10.178159
10.772213
11.039224
10.890175
11.174900
11.419730
11.779939
12.322467
13.181841
14.289795
16.125987
17.503382
17.246544
17.180088
17.946560
18.189243
17.525873
17.058837
16.410581
16.764395
16.667243
16.602750
16.042499
15.969758
15.509009
13.798808
13.050972
12.955729
13.059661
13.042288
13.068355
13.208153
13.438128
14.047049
14.422024
14.766987
15.298016
15.408220
15.488805
15.498904
15.448466
15.388131
15.248152
15.158757
14.084157
12.068775
11.875534
12.150104
12.223713
11.404291
10.853190
10.439316
9.679725
8.956778
8.728639
8.716455
8.994264
9.487766
9.619789
8.876029
8.595432
8.247004
8.511600
8.944313
8.814352
8.387205
8.428491
8.131754
7.695740
7.646783
8.857486
9.057049
8.499684
7.673947
6.617914
6.300207
6.137530
5.974216
6.387591
8.086054
9.895505
10.779553
12.085002
13.771465
14.942169
16.538475
17.525873
16.916507
13.744170
11.559510
10.561273
10.276291
10.964476
11.458408
11.622116
11.622116
11.289083
9.970652
9.619789
9.350864
9.254145
8.746944
8.832815
11.099345
13.789689
16.613483
19.249978
22.371110
24.533479
27.139203
27.992037
24.382838
19.421674
17.616093
16.938336
14.488540
13.016267
12.564025
13.042288
12.622952
11.963762
11.076766
10.942139
10.241149
10.067021
9.875098
10.101636
10.518087
11.205249
12.068775
13.085758
13.871956
14.233452
14.327465
14.971543
13.762362
11.543905
10.290377
9.279850
8.523532
7.249385
6.651410
6.420054
6.119686
5.751191
5.948098
5.617635
5.354769
5.229404
4.728651
5.225529
6.420054
9.006790
11.497201
11.497201
12.012129
12.264775
12.964362
13.744170
13.322704
10.994322
9.428879
8.613490
8.505640
8.667866
8.452163
8.716455
9.019332
8.667866
8.523532
8.346098
8.679991
8.171929
8.029247
8.166179
9.260565
10.297427
11.551705
13.491696
14.873827
15.959390
16.410581
16.105080
14.873827
12.338994
10.831053
9.963800
9.455011
7.833185
7.126129
6.944714
6.204855
5.870348
5.742762
5.883244
5.943754
6.119686
6.346066
6.845701
8.857486
12.125655
15.773775
18.412463
20.274850
21.589111
22.580973
22.595025
21.001926
16.463765
14.177304
12.912638
12.438566
12.480263
12.044469
11.174900
10.546860
10.539660
10.949580
10.290377
9.909131
9.922774
9.626432
9.787091
12.513708
16.178361
17.146945
19.225558
20.377349
22.750101
22.991596
23.495860
22.412946
18.540922
16.125987
15.448466
15.651087
13.862794
14.412543
13.518551
13.007604
11.979866
11.327371
11.404291
10.735582
9.793836
10.311539
9.895505
12.158264
15.969758
18.850516
21.643196
23.034444
23.891446
23.994951
23.568682
21.616139
17.877745
16.094635
14.708995
14.028527
12.775595
11.582953
11.614274
11.859554
11.319705
11.054227
10.432181
10.979390
10.554064
10.699060
10.554064
13.807933
18.635704
21.901727
24.669750
25.563919
27.254898
28.247282
27.023937
21.253746
18.154399
16.136450
15.030443
14.242829
13.042288
12.052566
11.327371
11.174900
10.227122
9.209312
8.281859
8.340240
7.811049
7.555059
7.348295
8.143215
10.561273
12.547233
13.689722
16.325801
17.981054
18.027137
17.854858
16.125987
14.384135
13.234511
12.190949
12.207321
12.133800
11.212848
10.396570
10.467900
10.094705
9.370314
8.994264
8.845143
8.857486
8.381321
8.143215
8.876029
11.803774
13.716922
15.428332
16.851168
17.935074
18.481899
18.235793
15.640901
13.554430
12.380397
11.327371
10.318602
9.902316
9.383301
8.667866
8.029247
8.148951
8.686059
8.913217
8.487781
7.984055
7.619704
7.668508
8.851313
11.001794
12.947100
14.374676
15.610377
16.872923
17.763567
17.469692
15.804579
13.527513
12.101249
11.971812
12.012129
10.816316
9.834393
9.653046
9.956952
10.025620
11.235671
11.661396
12.012129
12.256553
12.052566
12.150104
12.289471
13.545452
15.168667
17.843424
18.671356
20.857333
21.683839
22.385048
21.293747
18.517293
17.346649
16.645721
16.199352
15.691890
15.318001
14.922615
14.242829
13.871956
13.455963
12.809736
12.166428
12.109379
12.631390
13.050972
13.305024
13.473819
14.074872
14.796058
14.593610
12.199133
11.685021
11.575134
11.159753
10.867971
10.831053
10.691769
10.417924
10.410802
10.475057
10.346894
10.185141
10.039403
9.780350
9.573398
9.533791
9.448472
9.139247
8.375442
8.900806
9.481207
10.655378
10.503726
10.241149
11.296732
11.987924
12.004056
11.076766
10.060110
9.132901
8.888410
9.000525
9.305618
9.126559
8.925644
7.614299
7.090530
7.014774
6.733380
6.537188
6.608372
6.518321
6.646616
6.969664
7.581936
8.241208
8.913217
9.158309
9.875098
10.039403
9.915950
9.713165
9.606514
9.507467
9.260565
9.031889
8.826657
8.583412
8.305168
8.328535
8.416676
8.464021
8.547440
8.517564
8.481836
8.369566
8.334385
8.334385
8.553426
8.913217
9.196538
9.376805
9.713165
10.269254
10.582924
10.575703
10.318602
10.115512
9.514042
9.383301
9.202923
8.988007
8.931863
8.679991
8.583412
8.529503
8.299335
7.939088
7.187524
6.364492
5.857478
6.250100
7.385034
8.710368
10.510904
12.101249
13.181841
13.447043
12.947100
11.590776
9.158309
7.766943
6.909917
6.537188
6.429356
5.346857
5.140910
4.986443
4.868754
4.665202
4.472600
4.459117
4.425565
4.506468
5.198472
5.896164
6.791778
7.448393
8.746944
9.699777
9.800586
9.943268
10.332739
10.297427
9.854727
8.826657
8.063288
8.469956
8.154690
8.235415
8.446239
8.577407
8.655757
8.619517
8.589420
8.619517
8.661810
8.631582
8.553426
9.101228
9.807339
10.290377
11.076766
11.891533
12.060668
12.538844
12.699072
11.396578
9.190157
8.541457
7.805524
8.023585
7.364020
6.801554
6.738230
6.424704
5.667393
5.244931
4.843340
4.644220
4.509867
4.422223
4.595588
5.679894
6.959675
8.838977
10.546860
12.355540
13.853637
14.660821
14.854351
13.762362
11.700793
10.108572
8.097458
7.348295
6.979666
6.346066
5.857478
5.478746
5.260499
5.233282
5.114241
5.398474
5.221656
5.287842
5.110442
6.241028
8.704285
12.004056
14.130663
15.438396
15.168667
15.398172
15.458542
14.355775
13.500643
13.007604
12.182771
12.044469
12.125655
12.690594
12.273002
11.939643
11.995988
11.995988
12.207321
11.567320
11.289083
11.039224
10.912418
11.381167
11.979866
13.420314
14.374676
14.214714
14.776672
14.747634
14.555326
14.289795
12.372106
10.728269
10.971931
10.510904
10.410802
11.129513
10.794245
10.633596
9.699777
8.619517
8.746944
8.753053
8.434403
8.189201
7.353533
8.577407
9.222102
10.389461
11.069248
11.497201
11.851572
12.281234
12.199133
11.708687
11.250909
11.031729
10.742899
11.009271
10.283332
9.827623
9.653046
9.527204
9.222102
9.318526
9.324985
9.247728
9.120220
8.851313
8.469956
8.381321
8.375442
8.334385
8.363693
8.369566
8.583412
8.838977
9.415837
9.998103
8.686059
7.788969
7.177259
6.457334
6.527749
6.115232
6.084136
5.887548
6.350668
6.651410
7.280492
8.189201
9.196538
9.318526
8.900806
8.218058
8.475894
8.845143
9.422356
10.053204
10.311539
10.185141
9.673049
9.107555
8.704285
7.989692
7.337827
6.914878
6.685055
6.420054
6.097446
5.442494
4.927287
4.818043
4.828870
5.519277
5.121848
4.774950
4.564564
4.890631
6.017971
6.999709
7.750460
8.235415
8.499684
9.075960
9.305618
9.006790
7.728531
6.513612
6.146469
5.926410
5.535563
5.601135
5.106644
5.095267
5.133278
5.366658
5.617635
5.671558
5.861765
5.194617
5.366658
6.401486
8.316844
10.382355
13.103182
16.105080
18.259108
19.323398
19.619540
17.102841
13.954655
11.427456
10.283332
9.266990
8.080357
7.695740
7.772445
8.046252
7.984055
6.870337
6.336870
5.883244
5.978578
5.458580
5.287842
5.768081
8.097458
11.144624
13.085758
15.040279
15.773775
15.278053
14.545768
12.716042
10.640853
9.586632
9.448472
9.057049
8.802062
8.375442
7.788969
7.311717
6.919843
6.949698
6.885156
6.738230
7.080387
7.448393
7.641361
7.668508
7.872056
8.493731
9.164671
9.455011
9.773613
9.814096
9.633080
8.631582
7.121034
5.896164
5.256604
5.167701
4.857848
4.778528
4.479356
4.152449
3.957530
3.900361
3.594654
3.600219
3.676101
3.918335
3.990967
4.661699
6.646616
9.481207
12.656733
14.883573
16.667243
17.169034
17.003971
14.991154
12.289471
10.942139
10.136356
9.215705
8.505640
8.434403
8.416676
8.218058
7.306504
7.663072
8.012273
8.097458
7.811049
7.400829
7.311717
7.927881
9.428879
11.220451
13.455963
14.536216
15.318001
15.328002
15.030443
13.296192
10.691769
9.044461
8.281859
7.522919
7.860933
7.448393
6.964668
6.182341
5.793499
5.692419
5.679894
5.900477
6.026756
5.848911
5.434467
5.466638
6.057593
6.443332
6.670617
6.944714
7.249385
7.233876
7.105767
6.373723
5.634178
5.144730
4.828870
4.764230
4.418882
4.120953
3.864632
3.814513
3.756290
3.580775
3.466052
3.678939
3.879483
4.067894
4.105284
4.009311
4.280582
4.526897
4.602508
4.658199
4.728651
4.718023
4.630279
4.530310
4.405542
4.316427
3.954503
3.436550
3.148621
2.891483
2.783321
2.721902
2.579801
2.536642
2.478097
2.446313
2.426634
2.383833
2.358859
2.615217
3.525731
4.015442
4.264376
4.428910
4.640732
4.861481
5.225529
4.964186
3.873537
3.681778
3.404621
3.195902
3.372955
3.305242
3.236205
2.982100
2.785538
2.832441
2.693798
2.668085
2.625716
2.632033
2.642591
3.097087
4.369041
5.319244
6.268280
7.275299
8.281859
8.981753
9.158309
8.114590
6.387591
5.663232
4.997604
4.561128
4.216084
3.823316
4.114679
4.155611
3.897372
3.673266
3.589097
3.580775
3.678939
3.718868
3.764973
3.876509
4.052404
4.190527
4.428910
4.654701
4.665202
4.352539
4.142978
3.912335
3.820380
3.753399
3.653471
3.566943
3.452614
3.341551
3.271841
3.175918
3.094652
2.852756
2.504191
2.253921
2.054742
1.902746
1.752182
1.921778
2.300244
2.668085
3.116630
3.289789
3.378215
3.407272
3.401972
3.218517
3.092218
3.077653
3.241275
3.274399
3.274399
3.271841
3.289789
3.302662
3.294933
3.305242
3.318169
3.315580
3.333741
3.370328
3.428543
3.514813
3.633771
3.744740
3.849831
3.969660
4.127235
4.222495
4.283830
4.287080
4.216084
4.061692
3.879483
3.704564
3.578004
3.294933
2.949285
2.698105
2.468125
2.315245
2.185102
2.111221
2.063212
1.989732
1.898015
1.865187
1.887015
1.947417
2.054742
2.177967
2.237450
2.303986
2.253921
2.125119
1.905907
1.727256
1.727256
1.649213
1.542620
1.494847
1.385298
1.295248
1.247876
1.140640
1.117851
1.177145
1.223178
1.194743
1.316687
1.514053
1.804054
2.341706
2.839198
3.289789
3.583547
3.791129
3.756290
3.428543
3.075231
2.759047
2.598497
2.528494
2.480095
2.422715
2.345509
2.330333
2.488104
2.201230
2.250252
2.170854
1.979895
2.066608
1.971731
1.883883
2.272350
2.608936
2.912175
3.594654
3.942414
4.193714
4.329528
3.994020
3.642202
3.060737
2.592252
2.470117
2.617314
2.401261
2.374200
2.326553
2.305859
2.476099
2.490110
2.794418
3.341551
3.747624
4.105284
4.309890
5.046227
5.730139
5.996058
6.146469
6.204855
6.070852
5.961144
5.974216
6.017971
6.115232
6.159900
6.097446
5.922081
5.692419
5.378569
5.072581
4.651205
4.117815
3.867598
3.433879
3.193398
2.991535
3.409924
3.701709
3.972698
4.161940
4.359133
4.438959
4.475977
4.287080
4.099031
4.102157
4.095908
3.849831
3.788214
3.900361
3.951478
3.788214
3.533939
3.297507
3.092218
2.754654
2.450266
2.303986
2.287189
2.185102
2.102575
2.099126
2.112954
2.167305
2.194049
2.272350
2.351222
2.510247
2.450266
2.418801
2.418801
2.322778
2.064909
1.828289
1.691383
1.601204
1.597147
1.551811
1.472087
1.390063
1.311015
1.320101
1.318963
1.285202
1.303110
1.334987
1.533479
1.848194
1.932958
2.107759
2.285329
2.246587
2.199432
2.073417
1.868291
1.747640
1.705795
1.680045
1.665967
1.650604
1.651995
1.707084
1.689962
1.879193
1.973361
2.087093
2.174408
2.213847
2.153161
2.177967
2.615217
3.315580
3.843925
4.203288
4.290332
4.402213
4.574885
4.605971
4.422223
4.184160
4.200095
4.168278
4.267613
4.316427
4.306625
4.270852
4.136675
4.245001
4.270852
4.092787
3.791129
3.661943
3.455298
3.498492
3.969660
4.571442
4.876037
5.156204
5.519277
5.646614
5.446511
5.091480
4.735748
4.412208
4.345953
4.425565
4.251451
4.184160
4.139825
4.222495
4.280582
4.248225
4.216084
4.177800
4.099031
4.070998
4.203288
4.405542
4.725106
5.186914
5.498978
5.742762
6.057593
6.369106
6.546640
6.452663
6.263731
6.057593
5.751191
5.621767
5.543722
5.402463
5.221656
5.012521
4.919936
4.757095
4.658199
4.509867
4.322973
4.300101
4.264376
4.168278
4.133526
4.124093
4.124093
4.111545
4.127235
4.209682
4.319699
4.392238
4.435607
4.489506
4.585226
4.623323
4.637245
4.714486
4.774950
4.886979
5.012521
5.125656
5.140910
5.160034
5.268299
5.402463
5.276108
5.065039
5.511150
6.523033
7.115942
7.055087
6.850622
6.767391
6.689874
6.641824
6.295637
6.048768
5.982944
5.806245
5.572363
5.414444
5.237163
5.156204
5.129465
5.118044
5.129465
5.118044
5.038719
5.121848
5.175379
5.210052
5.438479
5.806245
6.173356
6.332277
6.665811
6.786894
6.747938
6.723690
6.733380
6.480730
6.471363
6.406124
5.684066
5.327121
5.190764
4.960485
4.930966
4.956787
4.693308
5.031221
5.206190
5.175379
5.095267
4.960485
5.194617
5.438479
5.564167
5.584678
5.584678
5.713347
5.810499
5.780778
5.721738
5.717541
5.725937
5.700782
5.709156
5.734344
5.793499
5.857478
5.891855
5.913431
5.909110
5.926410
6.017971
6.039955
6.088570
6.128602
6.155420
6.195841
6.250100
6.259184
6.272832
6.259184
6.268280
6.277387
6.281945
6.286506
6.300207
6.309355
6.295637
6.309355
6.313934
6.039955
5.742762
5.410448
5.121848
4.979014
4.883329
4.459117
4.067894
3.670432
3.482239
3.386117
3.233673
3.104403
3.065562
2.970343
2.873201
2.841454
2.772264
2.713227
2.680914
2.621512
2.577731
2.559168
2.510247
2.464147
2.379976
2.317126
2.252086
2.228345
2.179749
2.119898
2.174408
2.309609
2.472109
2.676632
2.861827
3.072812
3.259074
3.396680
3.479536
3.555911
3.555911
3.586321
3.608581
3.756290
3.903351
4.080324
3.882460
3.811583
3.767871
3.835080
4.012376
4.339376
4.395561
4.482737
4.479356
4.442313
4.499676
4.612905
4.647711
4.679236
4.550835
4.492894
4.442313
4.342664
4.222495
4.139825
4.095908
4.040050
3.954503
3.835080
3.805729
3.764973
3.586321
3.536679
3.501208
3.575236
3.704564
3.817446
3.939397
4.043136
4.200095
4.352539
4.499676
4.647711
4.850589
4.934647
5.034969
5.019994
4.979014
5.057506
5.133278
5.283928
5.482787
5.663232
5.531488
5.474707
5.076356
4.905264
5.012521
4.760662
4.405542
4.190527
3.580775
3.466052
3.906344
4.040050
4.074105
3.921337
3.779484
3.727474
3.762076
3.794045
3.730347
3.241275
2.796642
2.372278
2.194049
2.053051
2.031190
1.796539
1.705795
1.653388
1.562373
1.553127
1.463319
1.487225
1.460823
1.578338
1.978260
2.204828
2.358859
2.571530
2.737143
2.866372
2.877762
2.880045
2.827944
2.792195
2.787755
2.896070
3.158523
3.378215
3.564182
3.690308
3.858706
4.024655
4.245001
4.445669
4.612905
4.938331
5.217785
5.527415
5.663232
5.939414
6.286506
6.457334
6.532467
5.943754
5.042472
4.168278
3.490357
3.193398
3.077653
2.748076
2.559168
2.416847
2.276051