-62.931000
-63.265000
-62.634000
-59.151000
-41.916000
-31.219000
-20.725000
-32.549000
-6.639000
46.656000
181.275000
154.785000
124.826000
169.590000
164.430000
84.772000
-12.466000
-61.475000
-63.916000
-64.090000
-62.968000
-60.007000
-42.318000
-17.773000
-11.895000
-9.542000
-34.455000
-32.423000
-43.682000
-43.965000
-49.176000
-52.100000
-14.170000
92.920000
258.465000
287.990000
232.345000
264.790000
185.165000
84.164000
-22.189000
-59.621000
-57.839000
-53.698000
-56.551000
-57.321000
-56.240000
-27.261000
4.397000
3.813000
5.072000
5.349000
3.622000
1.312000
1.535000
-0.375000
10.336000
37.828000
61.990000
59.352000
30.849000
34.702000
26.256000
12.858000
-4.910000
-9.706000
-9.585000
-7.206000
-5.350000
-5.446000
-37.184000
-44.998000
-54.286000
-57.016000
-50.550000
-22.909000
-46.202000
-60.777000
-60.517000
-57.116000
-35.419000
100.821000
196.105000
281.490000
234.985000
250.940000
175.125000
19.677000
-44.487000
-73.036000
-68.541000
-64.446000
-70.302000
-68.858000
-65.535000
-62.368000
-60.887000
-58.773000
-59.876000
-58.924000
-63.713000
-66.764000
-63.282000
-62.853000
-22.081000
95.894000
210.170000
282.700000
305.520000
279.175000
204.305000
88.736000
-31.982000
-79.621000
-75.520000
-75.642000
-76.206000
-74.138000
-71.299000
-70.436000
-68.235000
-62.634000
-60.760000
-55.979000
-54.426000
-51.152000
-50.074000
-48.422000
-24.660000
74.969000
106.780000
277.540000
248.165000
219.225000
199.795000
91.713000
-22.848000
-57.411000
-30.224000
-32.850000
-56.438000
-61.294000
-59.628000
-50.647000
-46.907000
-23.535000
-11.290000
-13.836000
-23.531000
-23.212000
-53.776000
-66.669000
4.305000
59.874000
119.385000
118.530000
96.545000
98.633000
60.301000
70.944000
7.421000
-58.774000
-67.205000
-65.236000
-56.159000
-59.874000
-57.782000
-54.300000
-61.388000
-51.113000
-58.177000
-25.115000
-30.257000
-5.390000
3.328000
6.953000
23.898000
56.374000
104.586000
184.880000
285.405000
289.170000
226.825000
117.146000
30.178000
-35.028000
-51.781000
-45.904000
-25.473000
-46.846000
-46.147000
-43.526000
-41.029000
-42.771000
-38.668000
-41.028000
-49.865000
-49.555000
-40.052000
-20.380000
14.145000
69.336000
139.300000
152.350000
254.115000
144.015000
125.395000
35.359000
2.500000
-4.924000
-5.034000
-5.808000
-9.476000
-6.544000
-2.372000
-6.226000
-4.809000
-4.332000
-5.371000
-6.906000
-6.614000
-6.788000
-4.884000
-3.419000
-29.665000
32.577000
111.619000
178.460000
181.220000
203.450000
158.590000
68.541000
-24.035000
-24.642000
-21.758000
-35.578000
-24.941000
-15.379000
-8.725000
-14.798000
-50.429000
-50.690000
-57.601000
-57.013000
-58.914000
-60.881000
-61.427000
-62.020000
-28.108000
64.128000
172.000000
245.845000
265.590000
169.920000
217.255000
70.030000
-2.156000
-58.578000
-59.075000
-57.510000
-56.200000
-44.030000
-33.393000
-16.817000
-12.467000
-1.537000
2.521000
-0.228000
-0.293000
-0.841000
-0.760000
-1.310000
-20.955000
43.531000
66.862000
146.245000
133.295000
87.836000
47.832000
24.693000
6.550000
-9.785000
-24.823000
-60.830000
-69.407000
-71.706000
-72.609000
-70.978000
-68.110000
-61.099000
-51.588000
-49.347000
-49.919000
-54.083000
-54.269000
-50.952000
-23.199000
56.691000
166.525000
211.945000
166.780000
137.905000
88.077000
56.754000
14.538000
-3.132000
0.483000
-5.236000
0.415000
0.880000
-38.008000
-35.074000
-42.434000
-8.938000
-6.694000
-8.656000
-14.614000
-62.501000
-63.872000
-52.743000
-19.184000
83.090000
197.810000
270.530000
278.125000
234.555000
207.770000
100.362000
-28.007000
-66.049000
-70.876000
-74.673000
-76.960000
-77.306000
-77.857000
-78.553000
-77.950000
-76.795000
-64.334000
-63.889000
-73.327000
-75.527000
-74.423000
-66.344000
-19.071000
84.864000
200.125000
271.625000
297.215000
277.125000
210.920000
104.878000
-15.286000
-77.276000
-73.681000
-69.658000
-65.189000
-59.075000
-42.535000
-30.798000
-18.244000
-12.924000
-2.072000
-2.639000
-2.335000
-1.801000
0.638000
0.052000
16.733000
54.692000
91.959000
138.695000
160.695000
156.380000
124.965000
64.420000
-9.624000
-48.902000
-50.851000
-44.581000
-34.553000
-27.703000
-49.050000
-44.816000
-43.542000
-29.906000
-13.643000
-33.918000
-34.013000
-45.727000
-61.331000
-51.670000
-17.469000
43.752000
129.405000
131.750000
284.315000
309.485000
171.550000
72.687000
40.730000
-37.960000
-36.305000
-38.917000
-62.104000
-64.269000
-31.237000
-45.786000
-62.880000
-67.306000
-68.594000
-71.066000
-72.394000
-70.430000
-64.051000
-58.445000
-7.582000
119.001000
243.540000
318.510000
339.530000
284.055000
181.740000
118.833000
11.988000
-44.097000
-39.720000
-49.208000
-41.278000
-11.442000
-14.752000
-14.188000
-14.394000
-14.146000
-14.965000
-53.137000
-49.568000
-20.519000
-17.257000
-22.524000
9.647000
43.525000
75.605000
109.439000
113.490000
111.338000
60.878000
20.184000
1.876000
-8.761000
-10.199000
-9.593000
-9.380000
-10.685000
-15.445000
-10.415000
-10.601000
-9.982000
-9.154000
-10.413000
-9.929000
-11.272000
-10.932000
-10.372000
1.573000
28.330000
60.677000
111.945000
169.560000
197.940000
251.770000
144.045000
9.354000
-67.065000
-66.114000
-62.815000
-61.239000
-58.436000
-56.722000
-54.057000
-51.981000
-51.459000
-48.618000
-46.717000
-37.179000
-39.009000
-51.847000
-45.370000
16.918000
128.552000
255.220000
330.250000
349.295000
325.070000
255.150000
140.710000
9.536000
-58.468000
-56.960000
-51.021000
-53.863000
-53.099000
-52.257000
-51.126000
-44.217000
-44.368000
-45.140000
-43.479000
-45.079000
-45.966000
-46.313000
-45.044000
4.708000
130.098000
251.065000
324.375000
344.310000
302.565000
213.655000
132.275000
-26.866000
-52.997000
-54.960000
-50.377000
-50.977000
-49.949000
-46.892000
-48.995000
-47.990000
-55.554000
-39.420000
-44.086000
-19.345000
-11.879000
-7.909000
-14.332000
15.817000
70.732000
112.295000
85.579000
111.720000
48.310000
53.699000
57.102000
24.430000
-4.605000
-8.742000
-40.553000
-51.554000
-63.768000
-68.298000
-69.467000
-71.042000
-70.443000
-69.852000
-68.687000
-68.277000
-67.267000
-66.652000
-63.205000
-4.842000
128.106000
248.380000
348.740000
324.060000
314.560000
146.500000
65.184000
9.571000
-9.753000
-9.036000
-8.301000
-8.688000
-8.776000
-9.590000
-9.974000
-7.393000
-7.472000
-7.429000
-7.149000
-6.249000
-5.174000
-6.850000
-21.659000
-20.716000
26.747000
73.659000
89.853000
105.893000
135.410000
92.030000
59.299000
22.492000
-19.832000
-24.003000
-7.123000
-3.970000
-0.640000
-1.620000
-8.361000
-7.931000
-15.775000
-7.079000
-3.654000
-5.408000
-7.606000
-7.307000
-8.397000
3.940000
38.451000
69.383000
104.627000
101.970000
118.205000
94.487000
50.319000
6.055000
-37.925000
-52.854000
-47.497000
-45.002000
-42.664000
-38.825000
-7.808000
-20.731000
-16.091000
-9.124000
-7.617000
-5.560000
-5.341000
-8.407000
-10.949000
11.201000
29.147000
50.860000
101.652000
83.887000
163.295000
134.285000
88.559000
13.876000
-53.134000
-53.771000
-51.082000
-46.748000
-38.374000
-28.068000
-17.627000
-13.113000
-7.827000
-5.563000
-3.097000
-3.706000
-2.185000
-5.137000
-2.583000
35.670000
64.326000
50.738000
201.820000
243.190000
251.305000
182.860000
167.725000
34.217000
-60.896000
-69.856000
-65.683000
-57.989000
-29.867000
-18.359000
-57.442000
-64.539000
-64.144000
-66.032000
-65.414000
-33.362000
-15.452000
-31.192000
-57.015000
11.450000
112.311000
243.205000
328.150000
371.675000
373.790000
304.760000
166.145000
45.073000
-65.373000
-77.015000
-72.274000
-63.212000
-55.711000
-54.740000
-31.665000
-31.092000
-48.244000
-55.944000
-51.675000
-42.316000
-14.930000
-1.399000
-2.817000
27.548000
100.193000
191.145000
134.655000
207.085000
258.096000
201.370000
191.315000
39.599000
-53.182000
-59.477000
-55.376000
-48.691000
-45.998000
-45.772000
-47.856000
-46.414000
-54.995000
-56.765000
-55.367000
-51.380000
-53.930000
-49.056000
-52.501000
-7.352000
153.495000
281.620000
358.340000
386.460000
365.745000
293.465000
178.690000
38.477000
-50.015000
-55.768000
-57.335000
-55.837000
-65.975000
-70.694000
-71.873000
-73.569000
-73.100000
-69.471000
-65.536000
-51.422000
-28.587000
-16.145000
-13.293000
14.673000
75.280000
182.500000
309.920000
392.570000
355.860000
282.165000
181.990000
39.006000
-38.305000
-31.125000
-68.682000
-71.908000
-70.795000
-72.762000
-72.892000
-76.008000
-75.362000
-73.314000
-70.772000
-68.774000
-63.636000
-63.776000
-59.075000
7.963000
148.760000
274.065000
351.370000
379.400000
360.550000
296.065000
183.425000
43.677000
-62.931000
-78.189000
-79.611000
-76.913000
-64.986000
-53.196000
-40.559000
-46.238000
-64.912000
-47.404000
-27.477000
-33.848000
-27.257000
-36.995000
-29.215000
42.914000
124.551000
242.060000
287.420000
328.995000
390.185000
309.960000
194.635000
51.777000
-57.123000
-71.250000
-69.220000
-67.629000
-65.149000
-62.850000
-61.485000
-59.270000
-57.020000
-53.751000
-47.892000
-7.435000
-38.081000
-43.984000
-31.930000
53.322000
176.865000
268.260000
371.800000
406.235000
387.815000
319.630000
200.100000
62.872000
-52.887000
-62.374000
-59.170000
-60.452000
-56.634000
-54.927000
-56.565000
-56.229000
-56.397000
-54.089000
-51.257000
-47.305000
-46.762000
-47.861000
-40.583000
28.133000
168.280000
292.300000
361.725000
388.520000
362.185000
292.055000
181.750000
44.917000
-48.374000
-55.631000
-50.762000
-49.454000
-49.725000
-47.163000
-44.583000
-42.965000
-42.406000
-42.985000
-42.920000
-40.243000
-40.155000
-37.540000
-17.356000
13.252000
147.802000
265.805000
326.490000
320.640000
243.005000
310.360000
155.605000
39.899000
-34.057000
-51.618000
-64.360000
-67.544000
-59.200000
-56.700000
-59.863000
-58.112000
-58.632000
-53.720000
-47.680000
-46.462000
-50.394000
-46.426000
-39.294000
30.807000
169.405000
291.120000
364.395000
386.200000
371.200000
281.175000
219.445000
54.349000
-59.432000
-59.373000
-50.990000
-54.425000
-63.547000
-56.972000
-48.705000
-53.755000
-52.456000
-50.240000
-51.492000
-53.699000
-48.363000
-46.434000
-35.755000
26.781000
176.135000
290.120000
259.990000
199.355000
254.615000
161.525000
129.440000
53.646000
10.005000
7.135000
5.425000
-8.571000
-20.041000
-5.595000
1.740000
-1.720000
-15.632000
-10.635000
-2.993000
-0.465000
0.432000
-5.846000
-19.199000
9.705000
26.159000
52.739000
148.450000
255.455000
223.440000
321.240000
202.015000
25.484000
-1.486000
-13.329000
-14.443000
-35.852000
-57.131000
-68.852000
-67.905000
-68.399000
-66.241000
-66.753000
-67.469000
-66.705000
-65.940000
-66.345000
-53.762000
50.123000
176.395000
306.975000
396.515000
400.550000
294.410000
301.870000
174.120000
56.475000
-45.200000
-59.769000
-55.179000
-37.885000
-37.663000
-33.740000
-28.244000
-19.023000
-19.808000
-14.415000
-17.324000
-17.696000
-39.612000
-30.923000
-13.068000
10.792000
73.197000
112.082000
139.265000
221.710000
401.850000
347.680000
228.790000
81.512000
-40.218000
-56.156000
-48.226000
-39.409000
-26.273000
-20.584000
-17.311000
-17.110000
-13.717000
-22.455000
-66.222000
-68.764000
-70.017000
-68.937000
-59.005000
39.486000
196.610000
291.540000
363.480000
371.240000
403.580000
282.775000
106.063000
60.485000
-48.425000
-71.701000
-67.758000
-66.524000
-64.773000
-61.414000
-59.192000
-35.314000
-17.495000
-13.443000
-23.052000
-23.752000
-11.971000
-10.769000
-9.127000
0.499000
16.619000
29.958000
32.492000
35.087000
39.767000
42.764000
49.666000
12.843000
-4.636000
-12.874000
-29.566000
-19.969000
-48.206000
-53.440000
-42.894000
-40.283000
-36.354000
-27.718000
-12.262000
-0.498000
5.613000
3.269000
13.191000
25.378000
48.022000
65.599000
107.640000
96.596000
67.499000
60.131000
50.153000
20.439000
-29.080000
-31.360000
-28.777000
-14.022000
-13.106000
-8.672000
-21.306000
-15.566000
30.649000
-9.478000
-5.969000
-7.283000
-17.414000
-16.157000
-29.587000
11.224000
41.935000
80.785000
118.855000
151.790000
167.350000
142.980000
94.957000
33.729000
-42.294000
-32.151000
-13.121000
-20.671000
-16.009000
-10.359000
-28.453000
-55.502000
-48.873000
-49.822000
-46.043000
-45.278000
-43.032000
-44.703000
-40.101000
-3.257000
70.352000
132.500000
183.840000
225.235000
276.485000
255.575000
177.910000
68.732000
-37.118000
-69.282000
-66.994000
-63.819000
-61.889000
-59.276000
-57.518000
-55.789000
-55.329000
-55.939000
-50.090000
-48.853000
-46.734000
-45.645000
-38.274000
31.283000
130.840000
174.945000
198.010000
183.565000
209.360000
225.335000
239.075000
106.350000
5.688000
-36.326000
-41.459000
-51.437000
-53.114000
-59.897000
-53.984000
-24.295000
-5.147000
-5.619000
-8.192000
-9.786000
-11.310000
-12.743000
-8.725000
15.343000
76.875000
106.376000
279.875000
301.215000
397.530000
414.635000
285.205000
121.913000
-32.296000
-85.267000
-85.518000
-85.390000
-85.526000
-85.213000
-85.599000
-85.576000
-85.094000
-84.316000
-83.279000
-81.354000
-73.972000
-76.130000
-54.700000
63.615000
222.990000
354.435000
435.665000
467.010000
449.390000
383.195000
264.625000
111.916000
-31.226000
-74.988000
-72.229000
-69.526000
-65.628000
-60.202000
-48.765000
-49.499000
-59.614000
-61.415000
-16.325000
-17.235000
-11.911000
-8.862000
-1.505000
62.459000
137.825000
192.505000
229.930000
217.675000
314.795000
240.035000
178.990000
87.131000
-1.716000
-30.805000
-38.516000
-33.301000
-19.419000
-21.374000
-30.552000
-64.806000
-81.527000
-62.712000
-62.079000
-50.458000
-75.610000
-76.000000
-52.084000
79.826000
216.695000
355.510000
437.225000
468.985000
472.260000
392.985000
279.575000
124.068000
-29.134000
-84.056000
-79.264000
-73.400000
-70.682000
-67.872000
-65.661000
-64.740000
-64.999000
-65.257000
-64.266000
-63.004000
-61.082000
-60.818000
-36.095000
89.986000
244.130000
355.505000
430.565000
460.745000
436.315000
375.820000
252.835000
79.173000
-33.238000
-62.586000
-63.517000
-61.518000
-62.062000
-63.783000
-60.588000
-58.260000
-61.139000
-63.905000
-63.291000
-62.430000
-60.866000
-58.537000
-35.197000
88.137000
247.135000
370.250000
439.230000
377.675000
286.575000
374.045000
322.390000
65.470000
-16.578000
-51.721000
-20.920000
-29.264000
-24.630000
-20.703000
-25.082000
-16.956000
-19.015000
-40.046000
-35.636000
-28.448000
-45.240000
-31.146000
-24.299000
86.928000
231.885000
361.825000
426.050000
452.425000
434.565000
367.035000
252.565000
119.364000
-14.437000
-49.134000
-46.060000
-42.304000
-40.833000
-37.325000
-5.145000
-7.274000
-22.147000
-45.107000
-38.026000
-47.030000
-45.588000
-33.871000
-17.359000
108.112000
237.365000
368.490000
440.570000
470.870000
437.095000
276.480000
182.575000
73.664000
-8.869000
-57.128000
-50.447000
-51.499000
-48.639000
-46.425000
-31.384000
-29.258000
-23.733000
-17.876000
1.104000
5.732000
-10.410000
-14.127000
4.269000
35.951000
32.378000
39.354000
75.261000
260.805000
149.500000
66.456000
84.760000
109.225000
30.696000
-27.219000
-35.571000
-31.633000
-20.789000
-16.058000
-12.599000
-33.670000
-61.748000
-56.447000
-30.018000
-19.548000
-17.171000
-18.851000
7.699000
90.375000
191.985000
271.105000
255.945000
226.955000
224.995000
110.655000
78.783000
57.632000
5.232000
-5.722000
-5.554000
-5.052000
-5.193000
-4.701000
-4.559000
-4.867000
-4.308000
-4.257000
-4.201000
-4.937000
-6.725000
-8.232000
3.171000
25.434000
49.253000
89.489000
146.720000
165.410000
165.620000
147.325000
100.658000
36.326000
-28.425000
-53.028000
-49.001000
-44.844000
-44.507000
-44.681000
-47.602000
-52.140000
-55.964000
-58.654000
-57.536000
-56.497000
-59.196000
-57.277000
-40.445000
16.374000
88.679000
149.345000
186.195000
201.700000
181.940000
150.430000
89.611000
38.887000
-3.272000
-31.324000
-48.091000
-27.791000
-10.616000
-12.833000
-27.222000
-42.368000
-35.476000
-21.625000
-8.364000
-42.501000
-38.464000
-33.617000
-1.372000
52.402000
95.299000
139.605000
212.885000
247.630000
261.885000
217.755000
135.360000
39.149000
-6.738000
-53.487000
-48.069000
-40.260000
-38.523000
-38.302000
-37.295000
-45.366000
-50.894000
-17.277000
-7.082000
-8.440000
-1.936000
-2.055000
10.982000
61.696000
169.240000
220.720000
296.280000
333.560000
354.935000
372.110000
301.700000
150.220000
25.569000
-42.684000
-54.440000
-53.297000
-60.951000
-60.109000
-57.410000
-54.636000
-51.323000
-51.581000
-49.871000
-50.763000
-50.856000
-49.574000
-2.582000
129.448000
298.275000
397.345000
466.955000
455.905000
521.805000
428.970000
319.100000
159.335000
-1.806000
-52.905000
-55.213000
-54.270000
-49.759000
-47.891000
-47.530000
-46.753000
-45.407000
-43.792000
-50.960000
-57.215000
-48.751000
-35.599000
5.681000
113.930000
227.480000
376.230000
478.115000
514.150000
479.680000
434.460000
311.665000
160.275000
2.030000
-57.170000
-54.903000
-48.116000
-40.424000
-54.083000
-58.231000
-61.154000
-61.425000
-58.184000
-59.089000
-56.017000
-51.615000
-25.661000
13.016000
67.094000
200.355000
353.830000
477.835000
503.115000
479.475000
354.575000
267.820000
115.227000
4.922000
-49.607000
-49.440000
-23.448000
-8.159000
-5.502000
-4.376000
1.144000
1.890000
-0.663000
-2.292000
-2.827000
-3.652000
-2.314000
5.776000
12.908000
31.457000
26.332000
49.018000
43.384000
50.940000
42.066000
37.826000
24.011000
5.408000
-0.851000
-1.015000
-1.136000
-1.076000
-1.225000
-1.847000
-1.568000
-1.468000
-0.563000
-2.431000
-2.661000
-2.611000
-1.879000
5.967000
36.497000
92.121000
145.455000
252.325000
375.460000
414.360000
195.530000
149.945000
86.564000
19.032000
-7.246000
-7.596000
-45.871000
-63.232000
-48.237000
-30.894000
-23.539000
-10.954000
-1.215000
0.002000
-1.301000
-1.089000
-0.046000
18.665000
46.503000
91.723000
128.180000
169.750000
160.660000
182.360000
153.805000
91.809000
54.016000
31.153000
-2.960000
-4.665000
-3.901000
-3.401000
-2.109000
-2.219000
-1.958000
-1.791000
-1.939000
-2.430000
-3.068000
-3.471000
-3.249000
5.753000
29.591000
58.084000
92.993000
101.636000
99.503000
114.964000
132.050000
181.065000
98.762000
21.898000
-57.813000
-79.171000
-79.411000
-79.423000
-79.177000
-78.945000
-78.113000
-77.866000
-77.135000
-75.708000
-72.639000
-71.005000
-65.817000
14.839000
187.750000
345.835000
468.125000
542.630000
589.585000
518.206000
443.855000
362.455000
209.955000
27.901000
-71.027000
-74.691000
-72.654000
-69.744000
-68.590000
-71.274000
-70.380000
-68.638000
-66.795000
-64.327000
-66.722000
-66.234000
-62.574000
6.063000
172.475000
339.290000
439.765000
517.860000
569.110000
507.230000
313.405000
211.190000
122.203000
29.665000
-21.992000
-14.751000
-12.686000
-12.249000
-11.852000
-12.050000
-12.125000
-11.637000
-11.665000
-10.717000
-12.135000
-12.579000
-8.729000
14.552000
132.504000
341.700000
461.835000
524.450000
547.570000
537.615000
464.635000
327.020000
172.455000
18.012000
-62.327000
-64.815000
-63.480000
-63.178000
-64.866000
-64.479000
-63.467000
-63.651000
-63.886000
-64.465000
-62.852000
-61.871000
-51.578000
52.992000
196.480000
356.180000
474.005000
544.830000
567.025000
541.255000
465.050000
343.270000
182.955000
27.592000
-57.772000
-55.957000
-54.257000
-53.618000
-53.220000
-53.059000
-55.321000
-55.011000
-52.437000
-51.805000
-45.634000
-13.288000
-35.823000
26.823000
108.540000
261.485000
447.145000
445.545000
547.595000
527.340000
381.070000
341.850000
175.725000
22.747000
-58.405000
-55.914000
-53.442000
-52.770000
-53.641000
-53.581000
-50.165000
-43.964000
-49.136000
-53.447000
-46.156000
-30.633000
-15.512000
54.533000
200.035000
354.215000
463.525000
529.985000
552.785000
525.155000
452.045000
331.480000
180.925000
21.741000
-62.850000
-67.333000
-63.251000
-66.044000
-66.843000
-67.951000
-66.942000
-67.506000
-67.169000
-62.444000
-62.707000
-63.660000
-54.006000
33.207000
148.976000
310.110000
446.820000
516.375000
539.275000
519.711000
450.185000
335.805000
187.665000
27.909000
-62.762000
-66.470000
-63.441000
-59.514000
-54.373000
-53.429000
-51.868000
-42.379000
-13.031000
-19.544000
-17.916000
-23.650000
-23.943000
14.216000
105.252000
349.685000
417.530000
549.090000
330.785000
433.450000
416.025000
323.310000
125.311000
19.648000
-60.636000
-60.841000
-57.572000
-62.103000
-57.246000
-51.083000
-51.424000
-49.868000
-32.587000
-17.828000
-21.755000
-36.605000
-41.610000
44.019000
203.285000
351.235000
409.610000
491.495000
536.000000
485.560000
405.730000
294.960000
181.665000
22.085000
-60.233000
-58.124000
-54.132000
-54.002000
-54.465000
-55.871000
-55.127000
-49.566000
-31.768000
-47.717000
-48.509000
-44.967000
-44.942000
25.526000
221.445000
178.835000
157.435000
163.495000
133.525000
124.925000
74.258000
119.030000
84.735000
31.223000
-35.580000
-4.088000
-23.712000
-46.626000
-39.668000
-38.867000
-36.914000
-35.507000
-35.047000
-34.485000
-33.696000
-33.771000
-24.254000
55.083000
200.395000
338.630000
433.910000
505.875000
537.945000
510.175000
436.690000
323.715000
182.245000
30.707000
-48.944000
-48.869000
-47.729000
-54.840000
-57.126000
-56.802000
-54.428000
-48.433000
-50.848000
-51.759000
-34.817000
-9.509000
1.755000
41.597000
156.905000
198.300000
280.640000
325.930000
395.120000
266.580000
171.440000
77.630000
33.101000
6.504000
3.277000
-14.846000
-20.769000
-22.597000
-21.784000
-20.471000
-14.779000
-12.720000
-24.905000
-54.499000
-39.742000
-30.801000
-5.500000
16.925000
12.852000
22.735000
26.021000
70.575000
249.805000
182.330000
100.632000
29.564000
92.233000
109.468000
-44.449000
-66.134000
-68.585000
-68.429000
-68.020000
-68.280000
-68.155000
-68.550000
-66.931000
-67.659000
-68.361000
-67.693000
-52.629000
72.575000
258.275000
410.665000
490.605000
534.795000
388.380000
229.310000
128.665000
66.248000
34.044000
11.570000
-9.336000
-15.048000
-17.424000
-24.791000
-14.899000
-14.444000
-14.447000
-15.257000
-18.296000
-54.576000
-69.513000
-70.309000
-55.951000
67.538000
251.725000
405.480000
513.086000
580.460000
594.225000
555.255000
482.025000
346.635000
152.496000
22.824000
-30.279000
-22.741000
-23.330000
-25.877000
-37.149000
-18.051000
-22.792000
-16.476000
-21.029000
-23.457000
-15.613000
-14.856000
-15.874000
79.414000
161.680000
275.840000
302.420000
479.500000
310.655000
352.140000
389.485000
339.540000
166.395000
82.353000
-48.360000
-50.844000
-32.972000
-34.035000
-42.845000
-49.937000
-65.052000
-69.809000
-70.740000
-70.983000
-61.325000
-30.199000
-39.550000
92.804000
163.835000
206.525000
418.360000
534.045000
589.250000
523.806000
476.675000
271.015000
143.755000
45.015000
-35.769000
-62.380000
-59.627000
-56.325000
-54.643000
-61.767000
-59.872000
-63.094000
-60.672000
-46.985000
-30.707000
-32.844000
-23.383000
33.713000
125.329000
295.095000
382.290000
506.595000
607.600000
580.465000
498.655000
392.570000
236.160000
60.450000
-65.071000
-73.106000
-52.089000
-63.529000
-65.908000
-64.644000
-63.116000
-62.560000
-61.486000
-58.428000
-59.579000
-59.852000
-38.410000
78.903000
251.500000
393.545000
484.435000
539.150000
557.115000
521.625000
481.470000
374.565000
198.060000
62.830000
-52.517000
-67.910000
-60.435000
-57.498000
-57.071000
-57.383000
-58.556000
-63.458000
-65.224000
-65.233000
-65.495000
-65.240000
-43.176000
79.784000
250.215000
397.560000
506.170000
520.066000
557.705000
442.395000
414.840000
264.415000
200.575000
88.573000
-34.280000
-50.151000
-70.095000
-57.951000
-42.703000
-27.339000
-22.048000
-13.803000
-15.948000
-16.441000
-13.934000
-14.875000
-10.957000
2.420000
28.761000
86.135000
118.835000
81.531000
68.494000
187.110000
303.075000
156.245000
68.174000
15.045000
-14.052000
-20.941000
-22.246000
-30.689000
-38.743000
-54.358000
-75.011000
-74.056000
-72.429000
-71.290000
-67.548000
-64.193000
-35.064000
94.731000
264.715000
405.615000
499.250000
557.470000
509.400000
535.765000
431.055000
268.355000
162.295000
37.923000
-40.946000
-55.585000
-51.079000
-57.380000
-62.907000
-45.494000
-30.902000
-22.130000
-20.747000
-19.848000
-29.871000
-33.062000
-19.172000
28.202000
152.905000
216.430000
421.300000
526.505000
598.470000
572.115000
497.115000
377.010000
226.015000
59.327000
-62.772000
-73.785000
-65.220000
-60.405000
-59.182000
-54.584000
-51.869000
-48.456000
-34.158000
-46.055000
-48.542000
-47.627000
-21.084000
98.688000
271.635000
465.595000
566.585000
594.610000
615.825000
609.710000
542.655000
413.345000
256.940000
59.328000
-48.814000
-70.513000
-64.000000
-62.540000
-60.545000
-31.482000
-34.621000
-23.414000
-21.530000
-14.828000
-17.437000
-12.408000
11.690000
49.612000
153.530000
259.960000
393.670000
230.325000
22.206000
13.189000
20.070000
27.590000
5.286000
1.929000
-10.452000
-24.500000
-9.504000
-9.810000
-4.844000
-5.382000
-6.226000
-2.941000
-2.118000
-1.797000
-3.005000
-3.092000
1.468000
13.478000
77.084000
199.980000
106.170000
176.895000
292.080000
407.375000
465.955000
434.155000
328.485000
108.385000
-38.485000
-73.956000
-77.674000
-74.053000
-62.610000
-61.150000
-39.061000
-72.623000
-74.270000
-52.276000
-49.415000
-63.298000
-17.374000
96.557000
303.275000
454.650000
583.385000
667.765000
688.590000
662.225000
588.615000
409.670000
263.315000
132.645000
-40.873000
-81.155000
-81.352000
-80.091000
-79.177000
-75.391000
-76.659000
-75.916000
-74.251000
-72.135000
-70.626000
-69.187000
-26.362000
133.324000
317.530000
460.360000
566.480000
628.990000
640.680000
602.855000
524.255000
407.785000
189.815000
94.846000
-34.210000
-72.040000
-70.018000
-65.619000
-61.140000
-58.601000
-60.598000
-64.475000
-65.825000
-65.140000
-64.777000
-62.622000
-15.872000
137.792000
315.420000
455.335000
555.745000
614.665000
632.090000
603.390000
523.860000
399.815000
247.500000
91.501000
-47.305000
-67.363000
-59.465000
-57.343000
-56.701000
-57.980000
-52.057000
-45.104000
-44.275000
-32.134000
-21.842000
-18.717000
-8.229000
12.138000
60.974000
54.445000
51.797000
105.283000
110.105000
38.113000
45.030000
68.288000
51.300000
0.916000
-8.502000
-10.866000
-10.000000
-10.986000
-12.683000
-12.797000
-16.451000
-12.087000
-13.424000
-18.434000
-35.468000
-50.888000
-18.792000
130.885000
238.675000
403.535000
481.355000
573.415000
602.365000
596.655000
556.225000
429.335000
265.150000
55.528000
-40.147000
-70.631000
-64.699000
-71.758000
-65.537000
-63.295000
-59.922000
-57.382000
-55.869000
-54.528000
-52.958000
-50.911000
-2.673000
142.855000
313.730000
453.405000
556.735000
611.955000
608.955000
522.550000
309.405000
287.840000
202.835000
59.558000
-45.871000
-55.330000
-48.438000
-48.589000
-26.295000
-32.445000
-19.729000
-15.524000
-19.368000
-24.506000
-20.367000
-19.487000
-4.473000
36.046000
82.854000
172.695000
201.315000
181.330000
191.955000
162.965000
163.415000
78.192000
33.228000
8.694000
-8.884000
-12.173000
-6.452000
-5.557000
-6.342000
-10.387000
-9.597000
-11.822000
-8.111000
-9.386000
-8.993000
-7.162000
3.992000
61.993000
142.225000
234.435000
277.825000
354.070000
402.840000
364.160000
424.865000
272.235000
190.990000
110.352000
-31.281000
-68.365000
-61.892000
-58.179000
-57.117000
-57.440000
-56.975000
-56.659000
-57.194000
-55.708000
-54.466000
-51.205000
8.982000
168.775000
330.685000
452.575000
544.905000
610.730000
626.140000
588.680000
510.595000
401.595000
259.590000
95.993000
-43.199000
-66.226000
-56.593000
-50.369000
-48.542000
-47.367000
-48.914000
-46.011000
-23.841000
-10.643000
-15.703000
-12.096000
11.372000
115.492000
252.830000
131.440000
546.710000
572.800000
603.035000
624.120000
525.950000
283.820000
214.630000
38.553000
-27.863000
-43.573000
-34.001000
-25.046000
-26.087000
-25.959000
-25.702000
-30.315000
-34.279000
-28.732000
-24.201000
-17.490000
7.854000
26.908000
56.576000
90.114000
244.815000
263.385000
260.065000
536.980000
476.175000
153.535000
111.190000
41.101000
-11.394000
-48.756000
-33.153000
-24.486000
-23.826000
-42.958000
-48.932000
-42.488000
-42.372000
-20.741000
-19.040000
-46.466000
10.241000
160.050000
322.890000
398.365000
514.640000
537.165000
484.460000
466.835000
360.195000
243.995000
151.790000
47.640000
-18.676000
-32.156000
-27.598000
-21.691000
-18.114000
-13.272000
-10.117000
-7.393000
-6.060000
-6.422000
-4.338000
-5.093000
0.451000
13.462000
35.067000
190.505000
295.925000
154.820000
562.505000
311.105000
430.685000
367.575000
252.795000
121.507000
-22.896000
-62.050000
-64.065000
-49.028000
-5.296000
-5.092000
-5.648000
-6.166000
-6.373000
-6.047000
-6.103000
-5.717000
7.968000
58.916000
132.095000
392.710000
517.220000
686.525000
688.995000
649.360000
555.145000
459.295000
302.990000
128.670000
-28.428000
-79.536000
-69.473000
-63.122000
-58.443000
-56.294000
-53.764000
-33.318000
-20.104000
-23.497000
-44.619000
-57.875000
10.385000
181.505000
358.175000
490.090000
570.750000
580.870000
620.995000
644.770000
512.310000
438.685000
304.245000
126.420000
-36.053000
-83.227000
-76.995000
-75.440000
-72.866000
-64.073000
-52.870000
-49.867000
-53.605000
-54.548000
-69.497000
-42.935000
18.174000
142.670000
172.320000
390.060000
513.605000
611.615000
594.490000
583.835000
532.460000
412.350000
268.290000
110.772000
-29.627000
-52.936000
-48.484000
-31.498000
-34.587000
-37.129000
-25.622000
-23.006000
-37.045000
-44.043000
-51.164000
-43.890000
27.091000
181.835000
338.550000
458.145000
547.845000
608.150000
621.870000
591.585000
519.240000
409.440000
269.845000
108.773000
-27.619000
-70.398000
-70.328000
-67.530000
-62.978000
-63.140000
-60.657000
-58.803000
-55.823000
-49.165000
-54.914000
-52.138000
27.755000
160.325000
420.880000
566.415000
673.325000
739.000000
752.630000
706.350000
609.615000
478.170000
322.110000
147.080000
-4.337000
-59.743000
-59.056000
-59.818000
-61.548000
-59.789000
-61.083000
-60.001000
-55.040000
-54.439000
-56.485000
-53.189000
28.570000
195.115000
364.570000
495.915000
599.825000
658.065000
658.905000
624.285000
420.865000
416.980000
239.195000
111.470000
4.320000
-58.221000
-59.445000
-49.495000
-48.503000
-29.660000
-4.847000
-5.877000
-3.826000
-4.222000
-3.248000
-4.091000
0.102000
9.396000
31.559000
52.155000
99.829000
103.797000
57.029000
74.095000
66.613000
49.843000
33.021000
13.608000
0.986000
-2.538000
-2.172000
-2.101000
-1.991000
-1.767000
-1.589000
-1.695000
-1.557000
-1.405000
-1.813000
0.816000
11.809000
9.787000
53.701000
42.442000
70.793000
81.515000
172.231000
9.846000
12.995000
6.654000
9.941000
20.581000
0.179000
-4.721000
-6.689000
-21.622000
-8.827000
-23.114000
-38.652000
-38.882000
-37.626000
-25.860000
-38.998000
-15.694000
5.995000
44.080000
116.951000
122.500000
102.798000
168.550000
352.650000
443.505000
491.260000
245.390000
155.250000
83.679000
15.978000
-17.442000
-64.002000
-68.628000
-67.352000
-66.348000
-64.415000
-63.731000
-62.687000
-62.902000
-62.965000
-51.227000
55.264000
227.695000
369.695000
441.810000
581.070000
708.645000
682.365000
606.100000
223.460000
208.670000
127.945000
72.701000
7.177000
-19.671000
-33.323000
-25.123000
-32.095000
-34.672000
-42.469000
-37.749000
-14.090000
-1.163000
-0.446000
0.346000
4.293000
9.828000
27.426000
63.099000
121.365000
115.540000
92.823000
95.009000
367.940000
285.630000
193.845000
167.345000
15.907000
-45.816000
-38.156000
-25.901000
-46.540000
-6.794000
0.815000
1.024000
1.569000
2.121000
2.056000
4.031000
33.257000
37.572000
57.539000
108.085000
222.815000
347.250000
446.240000
524.095000
618.840000
459.830000
216.450000
128.715000
9.654000
-48.044000
-26.273000
-33.852000
-65.614000
-69.110000
-16.571000
-14.972000
-16.014000
-14.906000
-13.179000
-10.978000
4.138000
27.679000
81.730000
333.820000
515.550000
476.585000
529.090000
446.510000
527.325000
315.655000
272.025000
63.899000
-13.367000
-35.431000
-28.849000
-28.754000
-28.618000
-25.024000
-26.940000
-27.919000
-48.466000
-65.471000
-65.856000
-50.285000
46.856000
213.320000
379.290000
499.280000
589.610000
612.795000
510.325000
395.110000
638.205000
308.350000
200.200000
78.574000
6.118000
-38.592000
-31.587000
-31.317000
-31.297000
-29.641000
-26.819000
-25.375000
-25.218000
-23.365000
-25.683000
-17.942000
27.414000
195.640000
361.130000
474.835000
538.960000
350.905000
405.215000
417.955000
266.165000
150.990000
100.987000
26.124000
-18.009000
-43.160000
-41.595000
-36.808000
-31.285000
-26.814000
-26.899000
-23.789000
-21.893000
-19.767000
-16.350000
-14.315000
25.012000
111.844000
309.665000
417.800000
538.645000
492.700000
265.010000
256.370000
170.390000
167.705000
122.424000
30.432000
4.942000
-22.620000
-22.105000
-17.796000
-41.353000
-58.323000
-57.608000
-57.312000
-55.778000
-53.520000
-50.225000
-34.462000
59.040000
221.205000
387.085000
516.140000
610.080000
620.285000
442.540000
315.740000
521.970000
442.800000
264.430000
95.334000
2.126000
-31.479000
-33.236000
-36.018000
-31.764000
-24.494000
-20.230000
-55.569000
-43.331000
-7.847000
-10.364000
-19.947000
28.078000
46.898000
3.296000
64.663000
444.415000
641.905000
451.800000
550.080000
382.700000
405.070000
312.345000
164.665000
-1.213000
-70.086000
-61.587000
-45.216000
-42.839000
-37.615000
-15.397000
-21.634000
-54.861000
-40.582000
-17.928000
4.198000
56.305000
232.045000
249.125000
480.930000
586.705000
664.470000
596.440000
539.775000
335.870000
457.045000
321.560000
160.390000
4.951000
-68.334000
-70.409000
-47.855000
-37.064000
-32.342000
-27.517000
-24.168000
-19.176000
-15.827000
-18.559000
-17.380000
13.542000
115.226000
275.735000
528.520000
573.315000
423.425000
621.310000
537.255000
597.195000
318.900000
284.030000
164.225000
3.608000
-79.540000
-85.171000
-81.191000
-31.745000
-18.093000
-16.014000
-18.565000
-16.497000
-16.691000
-43.118000
-39.901000
52.054000
229.925000
387.455000
515.850000
607.985000
658.075000
665.715000
629.270000
541.105000
438.215000
285.045000
140.360000
-2.348000
-75.754000
-74.827000
-70.269000
-65.702000
-62.121000
-63.411000
-62.050000
-54.935000
-28.862000
-28.944000
-26.020000
24.615000
101.486000
224.440000
274.715000
175.065000
369.950000
223.425000
254.060000
204.700000
70.300000
41.451000
71.616000
20.097000
-17.522000
-27.920000
-31.627000
-43.135000
-32.438000
-63.946000
-60.627000
-41.053000
-26.837000
-19.715000
5.511000
110.256000
246.245000
384.390000
510.640000
443.530000
491.695000
438.925000
406.190000
289.335000
432.110000
243.200000
93.489000
3.447000
-64.712000
-66.400000
-63.772000
-61.888000
-59.357000
-44.349000
-52.173000
-56.921000
-53.248000
-22.256000
-2.818000
30.861000
136.590000
234.375000
163.170000
78.249000
66.185000
50.063000
112.407000
125.750000
71.268000
37.846000
20.048000
5.389000
-0.532000
-1.372000
-0.568000
-0.472000
-0.322000
-0.114000
-0.129000
0.167000
0.173000
-5.371000
-15.513000
38.668000
147.325000
108.460000
131.855000
243.740000
437.645000
378.320000
752.660000
603.165000
477.160000
401.200000
183.440000
17.295000
-45.363000
-77.234000
-76.127000
-75.902000
-77.076000
-76.577000
-74.906000
-74.628000
-73.041000
-72.362000
-37.615000
70.959000
260.150000
427.760000
536.020000
608.465000
647.580000
670.260000
655.355000
359.540000
272.465000
242.145000
164.410000
13.701000
-25.875000
-22.052000
-11.830000
-10.886000
-8.940000
-18.124000
-31.067000
-7.629000
-20.952000
-0.638000
8.374000
48.126000
99.971000
20.800000
35.259000
120.953000
191.350000
255.160000
222.105000
80.372000
123.939000
300.760000
195.555000
64.700000
-60.554000
-68.986000
-66.225000
-72.535000
-79.930000
-82.066000
-82.401000
-80.504000
-80.915000
-80.287000
-51.996000
71.716000
248.890000
409.905000
547.210000
632.445000
687.815000
695.360000
653.740000
572.630000
459.465000
321.705000
160.550000
2.168000
-78.740000
-84.412000
-79.494000
-69.965000
-69.929000
-67.690000
-64.702000
-61.753000
-55.878000
-43.724000
-4.729000
24.299000
187.482000
281.520000
435.690000
499.160000
682.070000
630.570000
610.050000
570.715000
409.960000
263.055000
176.860000
10.110000
-69.802000
-73.468000
-69.098000
-69.027000
-66.829000
-63.600000
-61.700000
-57.200000
-54.300000
-60.800000
-39.100000
90.700000
232.800000
376.500000
397.200000
546.100000
660.400000
676.900000
649.700000
570.200000
461.500000
331.100000
178.100000
26.500000
-58.800000
-70.400000
-67.400000
-65.400000
-64.000000
-62.300000
-61.100000
-61.400000
-60.700000
-58.800000
-30.600000
84.700000
244.400000
405.900000
514.300000
605.200000
663.500000
681.900000
650.600000
574.600000
470.300000
332.700000
136.400000
-13.300000
-75.000000
-84.400000
-80.300000
-78.300000
-76.100000
-75.300000
-74.900000
-72.800000
-70.800000
-69.500000
-42.100000
79.200000
243.900000
370.900000
469.900000
618.600000
667.800000
572.800000
651.400000
584.800000
469.200000
335.600000
182.000000
19.500000
-61.400000
-76.300000
-72.200000
-68.100000
-65.600000
-59.500000
-51.000000
-47.500000
-48.600000
-49.300000
-18.600000
59.100000
119.000000
445.400000
444.900000
569.900000
615.100000
594.400000
630.100000
550.100000
429.600000
289.900000
139.200000
-2.000000
-53.700000
-66.300000
-63.700000
-59.800000
-60.900000
-59.300000
-56.700000
-54.800000
-53.300000
-52.500000
-26.500000
77.600000
228.700000
354.200000
479.200000
560.100000
601.600000
647.000000
599.100000
490.300000
217.900000
202.300000
111.500000
7.600000
-56.100000
-54.700000
-42.900000
-39.500000
-42.200000
-32.400000
-37.600000
-46.600000
-38.000000
-44.000000
-19.700000
30.200000
179.600000
373.900000
470.600000
590.400000
433.200000
492.700000
426.700000
304.900000
315.600000
138.400000
112.000000
6.300000
-33.600000
-41.400000
-28.100000
-18.500000
-17.000000
-8.600000
-5.800000
-4.600000
-6.200000
-12.900000
-20.000000
133.500000
240.900000
259.000000
358.000000
626.900000
655.700000
610.300000
543.700000
409.600000
359.500000
200.700000
91.000000
-13.700000
-38.800000
-37.700000
-46.400000
-44.000000
-47.000000
-47.500000
-47.800000
-49.600000
-48.900000
-46.500000
-21.500000
76.100000
238.800000
378.300000
494.100000
588.200000
631.000000
567.100000
385.400000
398.600000
481.100000
342.800000
186.400000
39.100000
-50.900000
-66.500000
-44.600000
-14.400000
-13.800000
-13.500000
-12.600000
-12.400000
-12.600000
-12.700000
-2.300000
46.600000
116.000000
39.700000
169.800000
190.200000
161.600000
178.000000
146.400000
159.900000
52.400000
51.200000
43.500000
14.100000
-2.600000
-5.400000
-6.400000
-8.000000
-5.200000
-6.000000
-8.500000
-8.900000
-10.200000
-6.600000
5.700000
27.900000
55.600000
103.500000
116.400000
181.700000
144.400000
147.200000
289.400000
253.100000
121.600000
143.500000
87.000000
45.800000
-4.400000
-10.400000
-13.100000
-15.300000
-32.200000
-10.400000
-8.400000
-8.400000
-9.100000
-17.900000
-39.200000
87.300000
263.500000
413.500000
540.000000
625.800000
677.200000
685.500000
644.800000
567.200000
456.700000
325.100000
180.700000
26.800000
-61.500000
-69.200000
-62.500000
-60.500000
-59.400000
-61.300000
-60.600000
-56.300000
-51.400000
-45.100000
-18.800000
88.900000
249.200000
394.000000
512.500000
593.100000
653.700000
657.200000
490.800000
320.400000
452.900000
280.200000
181.000000
29.000000
-56.900000
-65.000000
-40.900000
-49.600000
-47.700000
-56.700000
-55.100000
-56.000000
-56.200000
-57.600000
-29.500000
94.700000
255.600000
402.000000
518.201000
603.900000
662.100000
675.900000
644.900000
566.800000
471.300000
334.900000
185.400000
14.900000
-74.900000
-78.800000
-60.600000
-70.100000
-70.900000
-67.100000
-64.800000
-62.800000
-57.200000
-38.500000
-17.100000
85.400000
247.300000
379.000000
514.500000
366.100000
554.100000
340.400000
551.100000
348.700000
281.000000
359.000000
189.900000
42.500000
-39.100000
-48.900000
-39.700000
-41.100000
-21.800000
-15.900000
-28.500000
-25.900000
-12.300000
-12.600000
-7.100000
19.100000
115.000000
194.100000
402.900000
410.100000
325.500000
169.100000
371.500000
276.200000
510.800000
437.600000
113.400000
-15.300000
-19.000000
-16.100000
-26.200000
-8.900000
-10.000000
-20.900000
-16.400000
-4.800000
-3.900000
-4.000000
0.400000
24.600000
91.100000
105.800000
146.700000
209.600000
208.900000
272.300000
291.100000
185.800000
166.700000
164.700000
124.400000
71.100000
-27.400000
-40.300000
-37.000000
-33.100000
-36.500000
-35.900000
-37.400000
-35.600000
-41.600000
-64.099000
-29.200000
118.700000
219.200000
275.300000
357.300000
462.800000
600.000000
635.200000
616.800000
534.100000
332.600000
212.100000
93.300000
86.200000
-64.000000
-74.400000
-44.300000
-26.500000
-29.300000
-27.800000
-31.200000
-28.300000
-36.100000
-34.500000
-10.700000
34.800000
127.300000
362.600000
339.500000
537.900000
586.600000
508.600000
642.900000
583.300000
507.000000
363.800000
88.600000
5.900000
-38.600000
-40.600000
-47.100000
-60.900000
-68.800000
-65.300000
-58.100000
-58.400000
-31.600000
-62.100000
-23.900000
104.000000
216.200000
328.300000
386.000000
556.400000
524.000000
607.900000
653.400000
565.000000
459.000000
321.200000
153.200000
24.600000
-55.000000
-46.800000
-41.900000
-17.000000
-9.600000
-11.300000
-11.900000
-6.600000
-1.500000
-1.300000
5.500000
35.900000
88.400000
412.200000
514.000000
601.500000
459.000000
538.200000
491.400000
423.300000
311.200000
300.400000
234.100000
88.300000
-19.700000
-49.800000
-14.600000
-6.500000
-6.300000
-6.700000
-5.700000
-6.400000
-4.800000
-4.800000
-1.100000
8.900000
21.400000
45.200000
87.200000
243.400000
276.900000
122.500000
94.000000
69.600000
144.400000
164.900000
192.800000
102.600000
-24.400000
-17.100000
-8.200000
-6.600000
-5.700000
-13.400000
-5.700000
-6.200000
-11.000000
-7.800000
0.700000
36.600000
145.200000
332.400000
349.400000
380.900000
485.100000
318.900000
340.100000
372.800000
291.700000
281.300000
226.800000
68.600000
-38.700000
-70.500000
-68.100000
-65.800000
-31.500000
-6.600000
-5.300000
-5.100000
-6.100000
-2.800000
29.000000
105.500000
141.300000
122.800000
131.100000
90.100000
109.400000
457.200000
524.500000
398.000000
368.800000
172.800000
86.400000
33.500000
-5.700000
-51.000000
-36.700000
-10.800000
-9.000000
-9.700000
-32.299000
-50.500000
-24.300000
-23.900000
-7.900000
71.600000
158.100000
387.200000
561.500000
584.600000
501.600000
359.300000
428.500000
474.400000
314.500000
173.700000
78.800000
16.600000
-19.400000
-26.300000
-28.100000
-26.800000
-35.300000
-53.000000
-51.800000
-54.500000
-56.200000
-51.900000
-26.600000
94.200000
176.400000
454.500000
597.400000
691.100000
610.600000
700.200000
416.100000
391.400000
316.800000
138.700000
110.800000
37.400000
-8.600000
-18.700000
-24.200000
-33.200000
-35.100000
-18.200000
-16.100000
-15.900000
-20.900000
-22.400000
1.200000
58.000000
93.200000
121.400000
66.000000
20.700000
58.100000
76.600000
217.000000
213.000000
104.300000
362.500000
119.500000
57.900000
0.300000
-5.900000
-5.800000
-6.500000
-6.900000
-7.400000
-7.300000
-6.900000
-6.700000
-7.100000
9.900000
70.200000
143.400000
207.800000
364.800000
220.800000
364.400000
467.000000
734.000000
515.300000
450.800000
405.400000
180.100000
42.100000
-9999.000000
-9999.000000
-9999.000000
-9999.000000
-9999.000000
-9999.000000
-9999.000000
-9999.000000
-9999.000000
-9999.000000
-9999.000000
-9999.000000
-9999.000000
-9999.000000
-9999.000000
-9999.000000
-9999.000000
-9999.000000
-9999.000000
-9999.000000
-9999.000000
-9999.000000
-9999.000000
-9999.000000
-9999.000000
-9999.000000
-9999.000000
-9999.000000
-9999.000000
-21.500000
-19.400000
-8.400000
-5.700000
-4.200000
-0.300000
34.400000
178.600000
382.700000
340.900000
377.700000
706.800000
609.100000
554.800000
227.200000
162.700000
170.100000
157.400000
66.900000
-15.300000
-25.200000
-23.100000
-8.400000
-8.900000
-8.000000
-6.300000
-4.900000
-4.400000
-3.000000
18.900000
83.700000
102.200000
204.700000
580.400000
610.200000
580.500000
637.600000
578.200000
595.200000
560.300000
369.600000
253.800000
77.600000
-31.400000
-52.100000
-49.400000
-46.600000
-45.700000
-48.400000
-51.600000
-50.300000
-34.300000
-28.200000
-9.000000
79.700000
102.600000
355.000000
452.200000
535.600000
655.800000
728.400000
689.500000
656.200000
540.800000
409.900000
111.100000
-4.500000
-23.800000
-27.900000
-23.900000
-40.400000
-46.800000
-39.700000
-56.600000
-55.700000
-47.600000
-33.300000
3.400000
72.200000
232.300000
410.200000
534.900000
644.300000
711.100000
744.700000
708.100000
617.900000
258.500000
328.300000
184.500000
55.600000
-12.600000
-42.200000
-38.600000
-29.300000
-21.700000
-18.400000
-5.700000
-5.800000
-8.300000
-4.000000
5.500000
80.700000
215.400000
238.500000
239.200000
192.600000
101.600000
69.800000
417.300000
668.100000
543.100000
407.100000
241.100000
76.500000
-32.500000
-57.700000
-50.600000
-48.100000
-47.600000
-42.600000
-41.300000
-23.500000
-17.700000
-13.000000
29.500000
137.500000
245.000000
354.900000
539.200000
627.700000
496.600000
286.900000
208.100000
190.000000
170.500000
119.000000
70.400000
15.300000
-7.500000
-17.600000
-15.700000
-10.500000
-3.500000
-1.000000
-2.300000
-2.000000
-0.900000
-0.500000
15.400000
48.200000
82.900000
113.100000
520.000000
565.200000
673.400000
633.100000
590.800000
514.000000
416.800000
397.100000
258.800000
86.200000
-23.100000
-46.500000
-45.800000
-44.600000
-45.100000
-41.900000
-39.900000
-33.100000
-21.900000
-19.700000
17.000000
46.100000
84.100000
416.300000
558.500000
665.500000
735.300000
758.400000
732.300000
655.100000
486.300000
351.500000
204.400000
57.500000
-2.700000
-7.000000
-13.500000
-27.500000
-34.700000
-37.600000
-40.800000
-41.700000
-34.200000
-20.100000
12.700000
90.500000
253.600000
425.400000
558.600000
657.100000
660.100000
749.300000
723.700000
645.400000
326.100000
99.300000
39.800000
5.900000
-25.900000
-43.500000
-39.600000
-33.300000
-31.900000
-37.700000
-34.500000
-35.400000
-27.700000
-26.700000
-14.600000
19.600000
87.300000
121.500000
130.100000
96.500000
204.100000
104.400000
142.500000
532.800000
532.600000
389.700000
213.000000
84.100000
-16.400000
-39.300000
-40.100000
-35.800000
-36.800000
-28.200000
-39.100000
-27.700000
-29.400000
-37.300000
-2.400000
123.900000
267.800000
422.100000
532.900000
600.900000
660.800000
610.200000
702.200000
640.800000
523.300000
385.500000
242.200000
78.700000
-33.600000
-57.800000
-50.900000
-48.900000
-42.300000
-38.600000
-41.600000
-32.000000
-27.800000
-20.900000
-13.200000
5.900000
39.900000
84.000000
232.300000
294.100000
582.500000
629.300000
743.100000
258.500000
460.800000
391.200000
147.600000
95.100000
-28.500000
-46.800000
-45.900000
-45.900000
-40.800000
-30.300000
-35.800000
-35.300000
-38.200000
-45.200000
4.800000
75.200000
142.600000
159.600000
109.300000
337.300000
603.300000
484.100000
384.200000
505.600000
437.500000
391.100000
226.800000
61.200000
-34.500000
-58.300000
-54.300000
-43.300000
-53.800000
-66.700000
-74.400000
-73.000000
-72.400000
-68.700000
-33.600000
88.500000
252.900000
411.600000
551.300000
656.000000
727.800000
751.200000
715.000000
632.400000
514.400000
378.600000
221.600000
62.400000
-40.100000
-60.700000
-58.000000
-55.200000
-53.800000
-54.100000
-54.700000
-57.000000
-58.200000
-47.200000
-16.000000
83.300000
251.100000
407.600000
543.300000
653.400000
726.200000
750.800000
720.400000
638.100000
521.000000
381.900000
222.300000
56.700000
-44.900000
-44.500000
-13.500000
-48.200000
-45.300000
-32.800000
-28.700000
-34.200000
-45.900000
-46.400000
-26.100000
88.500000
249.400000
408.400000
546.500000
661.700000
736.700000
764.400000
734.100000
651.300000
531.400000
389.700000
227.400000
63.000000
-42.100000
-63.100000
-62.000000
-62.200000
-59.200000
-60.900000
-61.300000
-60.200000
-61.500000
-56.100000
-37.900000
65.401000
245.700000
387.300000
540.700000
644.700000
715.200000
739.700000
708.100000
632.900000
523.600000
377.300000
216.400000
41.300000
-32.700000
-46.200000
-50.600000
-48.400000
-42.500000
-46.900000
-27.500000
-14.800000
-18.000000
-14.800000
8.900000
128.000000
241.200000
421.500000
437.200000
623.100000
583.100000
551.200000
714.000000
247.900000
434.900000
319.600000
152.000000
63.900000
-34.800000
-50.000000
-45.000000
-43.300000
-43.700000
-43.600000
-37.100000
-27.000000
-32.000000
-28.300000
-0.800000
48.900000
40.800000
46.900000
41.900000
138.000000
170.600000
71.500000
123.700000
154.700000
93.000000
151.000000
157.600000
25.500000
-3.900000
-0.800000
-0.700000
-1.300000
-0.900000
-1.500000
-2.200000
-3.300000
-3.200000
-1.400000
10.100000
33.500000
53.800000
97.000000
151.100000
316.900000
332.900000
230.500000
154.600000
160.700000
126.700000
60.600000
49.700000
12.000000
-0.300000
-15.300000
-12.000000
-23.800000
-42.000000
-29.200000
-16.000000
-13.500000
-23.100000
-20.200000
1.700000
101.600000
248.100000
402.800000
505.400000
572.500000
666.500000
748.200000
598.400000
604.300000
456.200000
423.300000
227.800000
65.401000
-32.800000
-55.500000
-49.100000
-46.800000
-44.600000
-29.600000
-22.100000
-18.800000
-15.000000
-14.500000
7.300000
105.000000
221.800000
398.800000
536.400000
649.300000
645.200000
779.100000
695.700000
512.201000
514.900000
392.100000
230.200000
69.800000
-29.400000
-50.900000
-47.300000
-45.600000
-44.100000
-44.600000
-42.900000
-42.600000
-43.600000
-42.000000
-15.000000
81.300000
233.200000
365.500000
536.000000
661.400000
549.200000
751.200000
641.100000
529.800000
491.000000
354.400000
228.300000
71.900000
-27.300000
-49.100000
-45.700000
-29.900000
-26.500000
-10.700000
-9.700000
-15.500000
-7.500000
-9.000000
18.900000
22.400000
27.700000
176.700000
428.000000
634.400000
707.100000
738.200000
715.000000
636.400000
536.900000
286.200000
191.700000
76.600000
-21.700000
-45.100000
-42.200000
-43.500000
-45.100000
-36.900000
-33.400000
-32.500000
-42.700000
-27.400000
-9.200000
56.400000
158.600000
208.100000
125.100000
327.000000
704.800000
615.400000
705.800000
626.600000
438.000000
270.900000
187.700000
74.900000
-9.500000
-33.000000
-35.700000
-36.900000
-19.200000
-27.000000
-34.700000
-30.400000
-25.700000
-19.900000
10.400000
88.400000
203.100000
291.600000
117.100000
150.000000
494.900000
488.700000
237.000000
171.100000
248.300000
341.100000
156.800000
69.100000
2.100000
-30.700000
-31.600000
-2.900000
-0.400000
-6.400000
-24.200000
-5.500000
-23.800000
-36.600000
-18.900000
18.100000
86.400000
152.100000
154.400000
273.100000
228.300000
225.700000
764.200000
512.800000
245.800000
372.100000
222.900000
67.000000
-33.200000
-51.200000
-43.800000
-39.500000
-34.100000
-28.300000
-21.200000
-8.600000
2.100000
1.100000
5.900000
17.000000
82.100000
244.600000
457.100000
437.200000
284.600000
545.900000
707.900000
646.800000
522.900000
392.800000
232.300000
68.300000
-31.500000
-39.600000
-41.900000
-40.500000
-38.200000
-36.000000
-29.400000
-25.600000
-21.800000
-19.200000
-4.900000
55.300000
187.900000
340.800000
430.100000
443.200000
522.701000
490.700000
462.200000
491.500000
362.800000
284.200000
191.400000
77.100000
-30.800000
-43.000000
-41.600000
-34.500000
-28.000000
-19.800000
-12.200000
-11.000000
-3.000000
-8.700000
-13.400000
11.900000
37.200000
121.300000
442.000000
567.000000
703.300000
730.900000
706.500000
595.100000
345.500000
276.000000
143.300000
65.600000
-19.600000
-43.100000
-40.300000
-47.500000
-49.700000
-60.500000
-47.800000
-49.900000
-58.600000
-48.300000
-25.100000
34.900000
171.300000
296.400000
547.800000
650.000000
729.600000
783.100000
721.700000
629.500000
497.400000
378.600000
226.500000
59.700000
-27.000000
-28.700000
-36.300000
-26.900000
-17.200000
-53.400000
-48.700000
-34.500000
-30.500000
-26.200000
12.100000
29.900000
52.400000
24.500000
39.600000
323.000000
450.800000
365.900000
410.200000
567.700000
548.700000
386.900000
222.300000
56.600000
-42.400000
-66.100000
-66.400000
-52.100000
-36.600000
-31.100000
-27.300000
-25.400000
-23.700000
-21.700000
-10.300000
75.500000
225.400000
395.500000
537.800000
652.100000
728.000000
755.400000
727.300000
646.600000
523.300000
388.700000
227.500000
51.200000
-45.800000
-64.700000
-63.800000
-60.700000
-54.900000
-31.800000
-22.600000
-18.800000
-16.100000
-14.300000
-1.000000
90.200000
222.700000
390.400000
527.500000
607.700000
572.600000
634.700000
662.700000
604.600000
507.700000
422.200000
213.100000
51.200000
-45.000000
-62.700000
-60.000000
-60.000000
-55.500000
-33.300000
-20.700000
-17.500000
-14.500000
-13.400000
-0.400000
96.700000
223.900000
387.100000
521.500000
628.400000
695.300000
719.100000
697.100000
619.400000
521.100000
373.800000
200.600000
31.600000
-27.400000
-47.100000
-43.000000
-23.600000
-26.900000
-11.300000
-6.300000
-10.300000
-6.300000
-3.500000
-0.500000
17.800000
21.500000
58.200000
116.200000
308.300000
160.900000
120.600000
99.400000
91.700000
124.500000
81.200000
30.100000
21.700000
14.500000
-3.000000
-2.300000
-1.900000
-1.100000
-1.100000
-1.100000
-1.100000
-1.200000
-1.100000
3.900000
21.200000
59.700000
88.300000
194.500000
472.000000
497.300000
627.600000
682.000000
582.300000
507.700000
376.300000
173.700000
49.600000
-45.500000
-63.500000
-54.200000
-29.200000
-21.000000
-17.700000
-16.200000
-14.800000
-13.600000
-12.300000
1.600000
77.300000
218.100000
378.300000
510.900000
620.300000
675.700000
729.500000
706.200000
328.000000
50.400000
16.200000
36.200000
13.200000
-33.300000
-48.800000
-48.200000
-48.100000
-31.100000
-23.500000
-19.400000
-20.600000
-18.600000
-15.900000
-2.000000
79.400000
218.500000
378.900000
511.200000
620.100000
695.000000
726.600000
699.700000
600.500000
510.300000
320.000000
101.900000
15.000000
-20.900000
-42.200000
-41.600000
-36.900000
-33.000000
-30.900000
-35.700000
-34.300000
-31.700000
-38.900000
-23.400000
52.500000
216.200000
374.300000
514.000000
587.000000
686.200000
678.600000
698.900000
454.700000
409.300000
388.100000
206.300000
39.100000
-17.600000
-21.800000
-36.100000
-32.800000
-26.100000
-24.000000
-18.200000
-2.500000
-0.900000
-1.400000
9.900000
77.600000
251.000000
368.400000
509.600000
626.900000
714.200000
668.800000
681.700000
635.300000
455.600000
350.400000
208.000000
46.300000
-40.900000
-55.200000
-54.000000
-53.700000
-54.400000
-51.200000
-40.600000
-31.100000
-26.000000
-23.900000
-9.500000
69.400000
211.600000
373.400000
512.500000
624.600000
700.500000
729.700000
704.300000
628.700000
499.000000
360.700000
212.300000
42.100000
-46.000000
-53.200000
-50.300000
-48.800000
-48.000000
-48.800000
-45.000000
-43.000000
-40.300000
-37.800000
-18.400000
48.500000
102.900000
175.500000
243.900000
297.700000
154.500000
117.100000
148.500000
321.700000
158.500000
192.500000
117.400000
55.900000
-10.700000
-21.500000
-15.800000
-14.100000
-10.400000
-19.600000
-13.000000
-25.400000
-18.900000
-13.100000
-12.000000
3.200000
70.600000
154.900000
93.300000
64.901000
82.900000
110.800000
171.300000
210.200000
412.500000
360.100000
194.100000
30.600000
-49.400000
-62.400000
-59.200000
-56.100000
-45.800000
-31.700000
-25.900000
-21.600000
-19.000000
-16.200000
-3.400000
77.700000
204.500000
337.700000
408.000000
420.400000
430.800000
434.300000
628.400000
381.400000
250.300000
176.600000
106.800000
25.400000
-20.300000
-17.200000
-16.400000
-15.400000
-20.500000
-13.800000
-18.500000
-13.800000
-12.000000
-22.000000
-16.500000
33.100000
181.700000
361.400000
496.900000
625.500000
652.800000
676.000000
692.100000
618.100000
386.700000
299.800000
128.700000
32.900000
-49.900000
-62.300000
-60.600000
-58.500000
-55.200000
-56.100000
-45.500000
-30.800000
-23.000000
-17.500000
-6.300000
88.100000
206.300000
361.500000
466.200000
514.100000
554.200000
602.400000
610.700000
535.400000
371.200000
194.800000
136.200000
4.400000
-34.600000
-25.500000
-1.200000
-1.900000
-2.300000
-1.100000
-1.000000
-2.800000
-5.300000
-6.200000
2.700000
79.200000
225.000000
371.600000
498.900000
609.000000
646.000000
696.700000
681.100000
533.700000
483.100000
337.900000
186.200000
27.100000
-55.300000
-63.400000
-60.200000
-56.500000
-54.000000
-51.000000
-53.400000
-51.100000
-51.100000
-49.400000
-31.900000
41.400000
202.100000
360.500000
494.800000
597.600000
669.300000
696.600000
669.600000
592.300000
481.100000
348.200000
191.300000
39.600000
-45.700000
-61.600000
-62.300000
-64.599000
-63.000000
-50.800000
-53.300000
-48.500000
-42.000000
-42.800000
-39.200000
27.700000
179.900000
259.500000
301.900000
514.600000
652.200000
688.400000
658.400000
587.800000
473.300000
322.000000
181.700000
32.900000
-43.300000
-49.600000
-44.700000
-20.700000
-30.100000
-24.500000
-15.900000
-33.700000
-31.000000
-11.000000
-2.500000
23.800000
130.700000
247.300000
416.000000
600.500000
676.600000
629.400000
584.200000
576.000000
469.200000
338.600000
175.600000
27.000000
-43.600000
-52.000000
-51.400000
-51.100000
-49.200000
-45.600000
-42.200000
-34.900000
-28.000000
-25.500000
-16.100000
13.100000
69.400000
85.500000
280.300000
499.500000
629.200000
708.200000
683.700000
607.100000
491.100000
349.300000
184.900000
28.700000
-44.200000
-49.900000
-47.800000
-45.300000
-45.400000
-47.000000
-41.300000
-36.500000
-37.800000
-37.300000
-23.200000
31.400000
182.000000
322.900000
463.000000
496.100000
452.900000
507.200000
642.300000
603.100000
485.400000
350.800000
113.000000
26.700000
-30.800000
-20.300000
-8.800000
-21.100000
-16.700000
-17.900000
-16.600000
-4.400000
-1.900000
-0.200000
0.500000
28.500000
85.100000
200.000000
428.900000
607.000000
682.600000
697.400000
652.000000
591.100000
215.400000
366.600000
183.000000
42.100000
-27.700000
-39.100000
-42.600000
-45.300000
-46.900000
-51.000000
-54.200000
-53.100000
-52.000000
-51.100000
-43.100000
44.500000
181.600000
372.900000
468.200000
514.100000
679.800000
691.900000
658.900000
585.700000
511.100000
351.900000
203.500000
38.400000
-30.100000
-35.200000
-36.800000
-37.200000
-36.800000
-33.800000
-28.300000
-25.500000
-22.100000
-20.000000
-6.500000
33.600000
81.400000
9.800000
201.000000
408.700000
564.700000
477.600000
119.500000
82.300000
37.400000
86.800000
8.100000
7.400000
-7.500000
-21.500000
-35.300000
-24.800000
-19.900000
-17.900000
-17.000000
-15.700000
-13.700000
-11.900000
-5.800000
53.100000
198.500000
353.700000
497.100000
411.600000
275.500000
339.400000
546.900000
533.900000
478.400000
332.700000
168.300000
14.400000
-55.300000
-59.800000
-52.400000
-38.700000
-27.100000
-21.400000
-18.100000
-15.900000
-15.400000
-14.300000
-7.500000
57.800000
195.700000
335.200000
477.700000
574.100000
641.300000
690.100000
659.300000
588.700000
477.500000
319.900000
185.600000
26.600000
-42.900000
-40.800000
-39.300000
-42.800000
-41.800000
-36.000000
-26.800000
-20.800000
-19.100000
-17.400000
-9.800000
52.200000
170.400000
344.400000
500.600000
542.100000
595.300000
522.300000
503.200000
549.600000
471.700000
326.500000
165.800000
16.600000
-46.200000
-48.300000
-50.800000
-53.200000
-44.600000
-45.100000
-44.400000
-44.700000
-44.500000
-42.200000
-31.000000
61.100000
155.100000
276.500000
463.500000
553.800000
663.500000
680.300000
647.300000
575.100000
463.800000
316.100000
162.300000
14.200000
-50.100000
-53.100000
-53.100000
-51.000000
-52.800000
-53.600000
-52.500000
-52.600000
-52.600000
-51.500000
-43.300000
23.600000
203.600000
310.400000
472.500000
586.200000
657.500000
670.000000
626.800000
538.500000
484.100000
276.000000
171.200000
9.700000
-55.900000
-52.700000
-49.300000
-49.000000
-42.900000
-26.500000
-13.700000
-10.000000
-4.300000
-1.800000
-1.400000
2.400000
59.100000
191.500000
108.700000
237.400000
327.300000
278.800000
201.700000
224.200000
150.100000
109.800000
103.000000
16.400000
-13.800000
-27.300000
-41.700000
-39.100000
-34.500000
-20.000000
-8.000000
-5.600000
-1.800000
-2.100000
-0.200000
27.000000
59.400000
209.500000
264.000000
364.100000
505.700000
550.700000
605.300000
570.900000
457.600000
313.200000
149.900000
1.300000
-58.000000
-59.000000
-56.700000
-52.700000
-57.700000
-60.200000
-48.500000
-27.200000
-21.900000
-22.700000
-13.800000
3.100000
17.000000
93.400000
216.500000
472.000000
604.000000
636.100000
657.600000
575.300000
456.800000
319.800000
148.100000
7.200000
-60.400000
-57.600000
-50.900000
-44.400000
-44.600000
-45.300000
-35.400000
-27.100000
-22.300000
-20.000000
-15.700000
54.000000
151.700000
295.700000
372.200000
439.900000
530.800000
604.200000
632.700000
537.500000
462.100000
295.200000
130.301000
-3.900000
-56.600000
-57.800000
-53.600000
-40.100000
-39.100000
-39.200000
-40.600000
-31.200000
-9.700000
-1.800000
-0.700000
6.400000
34.500000
16.700000
247.200000
522.600000
664.500000
564.000000
390.400000
311.600000
380.000000
254.500000
197.000000
45.000000
-23.800000
-46.200000
-48.700000
-62.300000
-60.700000
-70.900000
-67.300000
-59.800000
-62.300000
-63.800000
-61.100000
0.700000
156.500000
325.000000
475.800000
569.300000
444.700000
485.400000
419.000000
460.700000
383.400000
206.100000
119.300000
3.800000
-49.100000
-57.200000
-47.900000
-62.000000
-62.800000
-63.700000
-63.900000
-63.900000
-63.800000
-66.200000
-65.000000
-4.100000
154.500000
317.500000
316.200000
384.900000
473.100000
614.600000
503.000000
395.300000
466.700000
277.100000
133.800000
-11.800000
-64.000000
-62.000000
-60.800000
-44.000000
-28.500000
-21.600000
-17.700000
-16.000000
-14.400000
-13.500000
-9.300000
29.500000
174.700000
326.800000
478.300000
563.800000
611.000000
616.500000
551.800000
505.900000
392.900000
253.600000
129.700000
-16.900000
-62.000000
-59.100000
-58.100000
-57.600000
-47.500000
-38.200000
-28.600000
-22.400000
-18.300000
-15.800000
-11.600000
29.300000
159.300000
322.000000
459.800000
568.100000
638.500000
665.900000
627.200000
551.100000
440.700000
291.000000
121.200000
-16.700000
-60.800000
-61.900000
-63.000000
-60.200000
-58.500000
-58.700000
-60.900000
-62.500000
-55.700000
-43.600000
-30.200000
33.200000
88.900000
318.000000
456.200000
558.600000
632.300000
655.600000
627.800000
553.100000
437.200000
292.500000
130.000000
-11.300000
-47.700000
-46.000000
-34.500000
-31.000000
-18.100000
-5.900000
-1.000000
-10.900000
-22.500000
-33.500000
-27.800000
3.200000
118.800000
277.600000
193.900000
461.800000
519.000000
492.400000
472.300000
378.600000
396.200000
263.300000
67.500000
-0.300000
-11.700000
-7.500000
-6.500000
-3.600000
-2.600000
-1.500000
-1.500000
-0.800000
-0.700000
-0.900000
-1.000000
0.300000
1.200000
23.800000
81.900000
68.800000
95.300000
136.200000
159.900000
334.000000
169.700000
147.800000
46.800000
13.100000
-10.900000
-4.400000
-5.100000
-3.800000
-14.800000
-8.000000
-3.900000
-3.800000
-3.300000
-3.200000
-1.800000
10.600000
45.000000
73.400000
108.200000
238.200000
401.600000
568.600000
567.700000
560.700000
438.100000
210.800000
49.000000
-31.800000
-67.700000
-64.300000
-63.200000
-58.800000
-36.900000
-26.400000
-21.300000
-18.300000
-16.200000
-14.600000
-12.500000
28.500000
177.900000
268.000000
508.900000
509.200000
561.300000
656.300000
593.400000
527.100000
391.200000
272.700000
107.200000
-25.700000
-59.200000
-58.500000
-50.400000
-55.700000
-53.300000
-59.000000
-46.000000
-53.300000
-19.300000
-51.200000
-57.000000
-3.000000
126.700000
277.100000
265.400000
448.100000
521.201000
545.100000
538.100000
543.900000
380.000000
265.200000
101.100000
-29.500000
-67.500000
-64.300000
-62.600000
-48.200000
-30.800000
-23.700000
-19.500000
-16.900000
-9.000000
-6.700000
-12.100000
26.800000
161.600000
290.900000
443.800000
559.300000
620.800000
649.400000
603.400000
515.600000
397.200000
248.900000
91.400000
-38.200000
-69.900000
-67.800000
-62.500000
-57.000000
-38.900000
-26.600000
-20.800000
-17.500000
-15.100000
-14.200000
-10.000000
45.400000
127.800000
333.400000
396.900000
408.700000
544.300000
568.700000
616.900000
456.200000
351.400000
259.800000
89.000000
-37.300000
-69.100000
-65.000000
-60.700000
-54.600000
-55.400000
-52.200000
-48.000000
-35.500000
-28.300000
-23.100000
-17.800000
19.700000
159.800000
297.300000
435.300000
499.300000
611.400000
618.400000
586.900000
390.300000
249.700000
148.600000
69.600000
-1.400000
-9.900000
-10.200000
-11.100000
-11.300000
-16.500000
-35.900000
-42.900000
-33.100000
-15.600000
-33.700000
-37.200000
-17.200000
59.200000
82.000000
174.100000
337.800000
498.200000
576.700000
449.500000
298.200000
85.400000
185.100000
45.900000
-4.200000
-8.000000
-7.800000
-7.200000
-7.400000
-6.500000
-7.500000
-6.800000
-5.400000
-7.900000
-7.500000
-3.100000
-0.200000
4.600000
7.100000
16.400000
32.800000
79.800000
290.100000
396.500000
260.400000
69.100000
59.900000
34.300000
-3.000000
-15.500000
-17.000000
-18.100000
-25.300000
-28.400000
-24.100000
-12.400000
-12.600000
-12.000000
-26.500000
-24.900000
13.300000
103.200000
257.500000
408.800000
522.600000
590.600000
618.500000
570.500000
500.800000
383.100000
229.500000
68.300000
-37.800000
-55.100000
-47.900000
-47.000000
-45.600000
-45.500000
-44.800000
-36.400000
-22.200000
-16.100000
-14.300000
-13.000000
23.100000
137.300000
259.800000
406.600000
517.500000
533.600000
462.100000
533.300000
539.200000
376.000000
190.400000
55.200000
-32.500000
-52.400000
-51.000000
-50.800000
-49.700000
-49.500000
-44.000000
-30.900000
-19.600000
-13.600000
-13.300000
-12.500000
18.600000
134.000000
264.100000
406.700000
520.100000
595.300000
580.900000
599.300000
531.700000
382.800000
228.700000
61.700000
-42.600000
-58.500000
-54.000000
-50.500000
-44.700000
-43.100000
-46.200000
-41.200000
-31.300000
-18.000000
-21.000000
-14.500000
21.400000
121.200000
216.200000
373.700000
534.000000
427.200000
556.400000
490.600000
461.200000
355.300000
206.900000
64.700000
-36.500000
-43.300000
-46.800000
-51.300000
-51.200000
-50.000000
-32.299000
-20.500000
-33.400000
-41.200000
-42.800000
-40.900000
-13.700000
100.200000
242.100000
262.400000
523.300000
582.500000
571.800000
563.500000
470.500000
371.700000
212.300000
64.100000
-30.200000
-47.500000
-47.500000
-53.400000
-52.500000
-45.500000
-44.500000
-39.900000
-16.000000
-15.200000
-9.400000
-8.700000
17.300000
64.300000
67.500000
130.700000
238.600000
526.400000
428.500000
387.400000
262.000000
369.300000
199.700000
54.000000
-33.200000
-44.800000
-35.000000
-48.300000
-49.600000
-50.000000
-36.200000
-28.400000
-21.900000
-17.800000
-14.900000
-12.300000
26.400000
131.200000
251.600000
395.500000
497.400000
578.700000
552.700000
517.000000
451.800000
355.900000
203.900000
46.500000
-45.500000
-54.900000
-51.500000
-51.200000
-52.000000
-44.200000
-30.500000
-20.400000
-19.400000
-15.700000
-14.300000
-12.200000
6.900000
128.200000
160.000000
335.100000
505.500000
474.600000
530.100000
518.000000
371.100000
145.200000
68.900000
14.400000
-24.500000
-15.900000
-5.200000
-4.000000
-2.600000
-1.900000
-1.200000
-2.000000
-2.000000
-2.000000
-2.100000
-2.000000
40.300000
72.600000
97.000000
166.700000
189.500000
222.700000
434.200000
409.200000
307.700000
361.600000
218.100000
50.900000
-34.900000
-48.800000
-34.500000
-17.200000
-41.000000
-41.700000
-22.300000
-28.500000
-24.400000
-18.200000
-19.300000
-15.100000
13.300000
127.100000
240.500000
354.100000
414.000000
496.500000
490.700000
472.200000
415.800000
296.600000
198.400000
28.600000
-48.500000
-51.100000
-46.400000
-45.700000
-43.900000
-41.300000
-34.200000
-33.400000
-33.900000
-23.400000
-13.900000
-14.600000
2.300000
53.000000
150.400000
255.000000
432.300000
521.201000
493.600000
509.100000
249.500000
194.200000
110.700000
39.000000
-35.700000
-50.400000
-42.900000
-29.000000
-18.000000
-20.600000
-27.500000
-16.300000
-16.500000
-15.100000
-18.200000
-18.200000
-4.300000
39.400000
111.000000
181.000000
148.700000
264.300000
425.500000
518.701000
271.300000
154.500000
92.600000
9.500000
-33.800000
-41.800000
-46.700000
-48.500000
-51.800000
-53.400000
-49.900000
-37.400000
-25.600000
-20.900000
-17.000000
-16.200000
9.300000
101.400000
257.900000
357.800000
498.100000
540.200000
540.600000
501.500000
369.000000
309.400000
159.400000
32.201000
-44.700000
-49.000000
-46.500000
-35.000000
-40.300000
-50.500000
-44.100000
-31.300000
-21.200000
-24.400000
-20.500000
-16.600000
10.200000
115.100000
196.700000
323.800000
470.200000
553.300000
589.600000
564.000000
371.500000
333.100000
178.800000
16.800000
-50.800000
-50.900000
-48.000000
-46.800000
-46.300000
-47.300000
-46.600000
-45.100000
-32.100000
-23.000000
-17.700000
-16.600000
4.900000
115.200000
235.700000
385.500000
494.400000
560.300000
556.100000
520.600000
467.600000
246.500000
119.800000
15.800000
-45.800000
-47.500000
-49.500000
-53.000000
-49.000000
-49.800000
-52.200000
-53.400000
-55.500000
-43.200000
-24.600000
-19.400000
0.700000
82.500000
246.400000
359.900000
433.900000
446.000000
584.000000
557.100000
476.800000
336.400000
167.200000
23.400000
-42.700000
-58.500000
-55.800000
-46.500000
-48.100000
-47.400000
-47.200000
-44.900000
-30.200000
-42.000000
-40.900000
-9.000000
7.700000
69.100000
238.200000
388.600000
471.100000
548.800000
560.600000
526.400000
351.200000
268.100000
149.500000
9.300000
-52.000000
-52.600000
-50.600000
-42.400000
-50.200000
-47.600000
-36.200000
-38.700000
-25.900000
-3.200000
-2.500000
-2.200000
0.700000
23.200000
91.700000
176.700000
140.500000
85.600000
71.500000
81.500000
157.200000
224.300000
120.800000
34.800000
-44.800000
-58.100000
-66.800000
-63.500000
-47.100000
-34.100000
-27.200000
-23.300000
-21.500000
-19.700000
-17.600000
-17.500000
-0.200000
95.400000
246.600000
271.600000
269.200000
271.000000
103.700000
60.300000
144.200000
92.600000
110.800000
63.600000
-57.900000
-43.000000
-31.300000
-27.300000
-21.400000
-16.300000
-8.800000
-10.800000
-3.900000
-3.000000
-3.800000
-4.700000
11.600000
84.000000
184.800000
322.700000
519.701000
555.300000
569.600000
548.200000
413.900000
320.000000
148.700000
-6.700000
-63.400000
-58.800000
-44.400000
-50.700000
-44.100000
-55.900000
-54.900000
-43.900000
-31.500000
-27.900000
-23.700000
-20.700000
-2.900000
101.400000
238.100000
254.000000
195.300000
417.800000
450.600000
455.800000
281.500000
135.900000
65.600000
-2.300000
-30.700000
-24.100000
-18.500000
-15.200000
-11.400000
-16.900000
-51.200000
-30.400000
-25.000000
-17.000000
-27.900000
-37.200000
-28.000000
47.600000
219.800000
365.900000
469.200000
395.800000
250.600000
195.500000
146.600000
64.100000
32.300000
2.400000
-5.700000
-4.300000
-3.700000
-4.600000
-5.200000
-4.500000
-4.100000
-2.600000
-1.700000
-2.400000
-2.400000
-2.100000
7.900000
90.100000
263.500000
245.800000
422.400000
322.600000
460.600000
550.500000
466.100000
276.000000
129.801000
-9.400000
-63.200000
-61.900000
-60.800000
-62.300000
-62.700000
-59.400000
-61.100000
-61.500000
-58.000000
-56.300000
-54.800000
-50.500000
-30.500000
56.900000
207.100000
346.800000
447.200000
498.700000
521.701000
484.500000
383.700000
266.700000
115.600000
-28.100000
-87.500000
-92.200000
-88.300000
-85.100000
-75.300000
-76.900000
-84.700000
-87.300000
-84.600000
-82.400000
-83.800000
-83.200000
-63.400000
48.300000
217.900000
366.600000
468.800000
527.600000
542.800000
510.800000
420.100000
284.200000
126.700000
-26.700000
-81.400000
-73.800000
-70.000000
-69.200000
-68.100000
-67.600000
-65.900000
-65.600000
-65.600000
-60.700000
-48.400000
-36.600000
-16.000000
57.700000
218.300000
353.800000
464.100000
509.600000
529.300000
508.800000
445.000000
298.600000
116.400000
-37.100000
-70.500000
-65.099000
-61.200000
-55.900000
-55.000000
-52.900000
-52.100000
-53.800000
-51.700000
-50.900000
-52.200000
-55.400000
-42.500000
52.300000
205.500000
345.900000
422.300000
400.300000
333.600000
253.300000
135.500000
237.000000
93.400000
8.300000
-11.100000
-9.400000
-18.300000
-43.100000
-36.400000
-13.500000
1.200000
1.700000
-1.400000
-4.200000
-1.500000
-0.800000
-1.900000
1.200000
15.000000
41.900000
45.000000
136.600000
214.800000
149.900000
126.200000
55.300000
45.700000
-19.800000
-42.400000
-26.400000
-20.700000
-20.900000
-17.500000
-22.800000
-23.800000
-21.000000
-22.100000
-22.100000
-19.900000
-21.200000
-17.000000
1.800000
22.300000
85.100000
272.600000
160.000000
84.300000
175.100000
118.200000
79.600000
46.400000
3.600000
-15.300000
-10.900000
-8.600000
-20.100000
-41.900000
-23.100000
-10.700000
-11.700000
-13.400000
-16.900000
-17.700000
-14.700000
-9.600000
21.100000
62.000000
115.800000
162.300000
267.100000
334.100000
147.500000
181.700000
98.500000
81.000000
-32.700000
-59.300000
-69.700000
-65.099000
-60.800000
-60.500000
-60.400000
-56.000000
-37.100000
-36.100000
-29.300000
-20.700000
-13.100000
6.100000
54.800000
140.700000
305.500000
373.900000
400.800000
453.700000
296.100000
267.600000
111.500000
27.900000
-19.200000
-28.200000
-23.300000
-17.100000
-15.800000
-14.800000
-16.100000
-18.200000
-25.900000
-61.400000
-46.300000
-23.500000
-14.100000
-5.600000
4.800000
27.700000
130.100000
315.300000
260.200000
286.300000
211.800000
102.100000
41.300000
6.900000
-3.300000
-3.200000
-1.100000
-0.800000
-0.800000
-0.700000
-0.600000
-0.700000
-9.000000
-7.200000
-9.100000
-4.700000
-10.300000
-37.600000
29.800000
204.500000
247.100000
185.200000
195.800000
257.101000
311.300000
204.200000
124.400000
51.300000
-38.400000
-54.200000
-79.200000
-71.900000
-68.900000
-66.900000
-55.600000
-37.100000
-26.900000
-23.500000
-21.600000
-20.700000
-20.700000
-13.000000
54.500000
186.700000
330.900000
431.600000
489.200000
496.900000
453.500000
272.600000
142.800000
48.300000
-45.200000
-80.800000
-74.900000
-69.500000
-64.000000
-53.600000
-12.900000
-10.700000
-19.400000
-10.000000
-11.600000
-13.600000
-12.900000
-10.300000
-6.000000
10.200000
21.800000
73.600000
69.800000
138.200000
81.300000
85.400000
117.300000
40.400000
-1.600000
-16.800000
-16.800000
-16.100000
-16.700000
-17.100000
-17.700000
-17.600000
-19.200000
-24.600000
-51.100000
-60.200000
-69.400000
-59.200000
-17.400000
170.800000
301.100000
425.800000
487.400000
497.200000
451.800000
354.600000
216.900000
56.100000
-59.800000
-75.400000
-68.500000
-64.500000
-61.100000
-46.800000
-18.200000
-15.400000
-9.600000
-5.500000
-4.300000
-4.200000
-6.400000
-6.600000
11.200000
57.700000
124.200000
204.400000
285.100000
452.800000
456.900000
369.900000
209.600000
58.100000
-56.500000
-74.600000
-70.800000
-68.000000
-20.200000
-22.500000
-23.100000
-19.800000
-19.600000
-23.900000
-16.400000
-15.800000
-16.200000
-12.900000
12.500000
75.700000
136.200000
154.600000
151.600000
157.700000
129.400000
96.800000
40.300000
18.400000
-9.300000
-16.400000
-15.800000
-15.600000
-14.400000
-11.500000
-11.700000
-10.500000
-9.100000
-7.200000
-3.800000
-1.700000
-1.900000
-1.000000
40.700000
159.400000
194.000000
145.600000
125.600000
141.000000
239.100000
279.800000
94.100000
19.200000
-8.100000
-16.900000
-20.000000
-25.200000
-23.400000
-22.300000
-17.100000
-36.000000
-21.900000
-15.300000
-14.500000
-14.700000
-19.800000
-48.600000
6.200000
104.000000
233.500000
354.700000
226.300000
165.100000
96.900000
63.900000
32.800000
0.900000
-0.200000
-4.200000
-4.700000
-4.900000
-4.500000
-3.300000
-3.200000
-3.200000
-3.100000
-3.000000
-2.900000
-3.000000
-2.800000
-1.500000
19.000000
41.700000
51.200000
66.500000
74.100000
86.900000
57.700000
31.700000
10.600000
7.400000
0.100000
-1.400000
-1.300000
-1.200000
-1.100000
-1.100000
-1.300000
-1.800000
-1.600000
-1.600000
-1.600000
-1.600000
-1.800000
-0.700000
18.400000
77.200000
113.800000
92.900000
83.300000
120.600000
93.300000
102.200000
48.900000
15.800000
-9.100000
-14.100000
-50.600000
-74.200000
-72.600000
-42.800000
-8.700000
-21.400000
-48.900000
-51.100000
-55.000000
-10.900000
-11.200000
-9.600000
14.500000
87.900000
140.600000
179.000000
200.500000
171.700000
226.400000
218.700000
95.300000
32.300000
-13.900000
-21.400000
-23.700000
-16.600000
-12.100000
-12.700000
-16.700000
-24.500000
-10.700000
-10.500000
-7.700000
-6.900000
-7.700000
-6.100000
20.900000
86.400000
92.300000
154.700000
184.100000
321.400000
285.300000
308.900000
192.800000
28.700000
-66.700000
-73.900000
-70.400000
-68.100000
-62.100000
-64.700000
-65.099000
-53.900000
-44.300000
-34.800000
-28.500000
-20.000000
-27.400000
-29.900000
10.100000
149.200000
288.400000
390.100000
443.000000
449.000000
402.900000
306.400000
172.600000
24.700000
-62.800000
-69.300000
-66.100000
-66.300000
-67.000000
-64.500000
-60.100000
-53.900000
-55.500000
-51.500000
-47.400000
-38.500000
-28.100000
-18.200000
43.200000
146.500000
277.100000
379.800000
431.900000
426.500000
354.000000
201.800000
116.000000
3.500000
-35.000000
-35.900000
-36.200000
-47.700000
-51.600000
-36.300000
-4.200000
-7.800000
-4.900000
-6.700000
-31.600000
-54.800000
-50.400000
-28.700000
22.200000
45.800000
52.700000
62.400000
92.200000
83.600000
82.500000
73.600000
35.600000
12.000000
-4.800000
-5.900000
-6.000000
-4.300000
-5.100000
-3.400000
-3.700000
-0.900000
-0.200000
0.700000
0.300000
0.200000
0.200000
2.100000
12.700000
10.300000
42.100000
58.500000
96.100000
97.300000
51.300000
44.500000
38.100000
9.800000
-3.700000
-6.400000
-3.900000
-2.600000
-2.900000
-2.300000
-1.600000
-2.200000
-3.100000
-2.700000
-2.600000
-2.800000
-2.000000
-1.500000
4.600000
17.800000
32.300000
72.200000
87.200000
73.900000
79.800000
74.700000
37.200000
4.700000
-1.100000
-1.700000
-1.800000
-3.400000
-2.100000
-2.000000
-3.200000
-2.600000
-2.300000
-2.000000
-2.600000
-3.100000
-2.800000
-2.700000
14.600000
64.100000
65.200000
188.100000
240.800000
207.300000
266.800000
278.400000
162.300000
10.500000
-73.200000
-73.300000
-72.800000
-72.600000
-70.300000
-66.200000
-63.500000
-52.900000
-36.200000
-29.600000
-25.700000
-24.000000
-16.400000
-8.900000
75.600000
93.500000
91.100000
228.800000
194.400000
207.900000
60.100000
52.400000
37.500000
48.100000
-3.100000
-27.600000
-32.100000
-30.700000
-28.900000
-22.400000
-19.800000
-14.600000
-8.500000
-4.100000
-0.400000
-1.300000
-15.300000
-7.700000
37.400000
136.000000
147.000000
205.700000
237.100000
163.200000
174.200000
124.400000
54.400000
7.600000
-12.900000
-36.200000
-48.200000
-38.100000
-48.800000
-45.200000
-51.400000
-59.500000
-44.900000
-32.700000
-20.000000
-11.700000
-9.300000
-4.400000
30.800000
154.100000
246.200000
352.900000
385.700000
407.700000
289.000000
274.400000
132.800000
-8.000000
-73.500000
-72.300000
-70.200000
-67.200000
-68.100000
-67.900000
-66.800000
-63.800000
-65.099000
-63.800000
-66.700000
-67.000000
-60.400000
-53.800000
-17.300000
115.200000
255.700000
358.800000
415.900000
423.600000
370.200000
271.800000
134.500000
-26.700000
-74.500000
-69.200000
-52.900000
-41.000000
-33.400000
-49.800000
-65.099000
-39.500000
-26.100000
-17.100000
-25.300000
-33.700000
-24.500000
-17.100000
2.800000
62.300000
116.900000
155.400000
194.000000
157.700000
69.500000
72.900000
104.400000
4.900000
-12.300000
-11.800000
-14.300000
-12.000000
-12.500000
-11.900000
-18.200000
-7.600000
-6.400000
-2.600000
-0.700000
-0.700000
-0.300000
0.000000
5.200000
9.700000
25.200000
90.500000
52.700000
55.500000
82.800000
47.400000
34.700000
19.700000
1.800000
0.700000
0.700000
0.700000
0.200000
-0.300000
-0.100000
-0.100000
-2.500000
-13.600000
-6.500000
-16.100000
-15.500000
-7.900000
1.600000
58.000000
144.200000
281.700000
231.900000
141.800000
99.800000
63.900000
90.700000
14.400000
-33.900000
-57.100000
-24.400000
-60.500000
-62.600000
-27.800000
-40.900000
-57.300000
-74.200000
-80.500000
-74.600000
-73.500000
-72.000000
-65.000000
-22.500000
105.600000
179.800000
163.700000
332.500000
405.700000
359.000000
262.200000
127.600000
-7.100000
-59.700000
-55.000000
-52.400000
-41.400000
-10.600000
-12.900000
-14.000000
-14.100000
-38.200000
-53.900000
-51.200000
-45.100000
-46.600000
-43.500000
-8.900000
102.500000
240.600000
351.200000
396.200000
400.800000
311.100000
264.200000
112.100000
-17.900000
-50.100000
-54.800000
-66.500000
-51.200000
-51.600000
-31.200000
-33.600000
-45.300000
-57.600000
-69.100000
-76.000000
-69.200000
-40.300000
-38.600000
-4.500000
69.000000
118.700000
205.800000
247.700000
249.200000
207.300000
150.300000
118.800000
-8.500000
-74.100000
-72.200000
-70.500000
-69.400000
-72.300000
-72.000000
-68.900000
-68.800000
-66.500000
-64.599000
-62.100000
-61.000000
-48.100000
-26.200000
13.500000
86.100000
202.800000
138.600000
62.700000
79.400000
43.200000
55.800000
79.900000
-20.900000
-67.500000
-62.400000
-58.500000
-55.400000
-56.900000
-62.700000
-65.700000
-76.000000
-79.400000
-79.900000
-78.600000
-78.100000
-73.100000
-72.000000
-39.500000
79.600000
219.500000
324.000000
378.700000
382.700000
334.800000
236.800000
102.000000
-29.300000
-73.000000
-67.800000
-66.200000
-61.600000
-60.000000
-58.100000
-56.400000
-56.200000
-55.300000
-53.400000
-50.300000
-49.100000
-50.600000
-52.400000
-23.400000
87.500000
216.500000
315.700000
373.200000
377.800000
331.900000
235.000000
102.900000
-22.900000
-65.200000
-62.600000
-57.700000
-56.300000
-55.600000
-55.700000
-54.800000
-53.500000
-56.200000
-56.400000
-56.500000
-39.200000
-23.600000
-17.200000
22.400000
96.500000
219.300000
171.600000
280.600000
221.100000
196.100000
114.800000
54.400000
-25.200000
-73.000000
-70.400000
-68.300000
-66.800000
-57.200000
-60.000000
-57.000000
-59.100000
-51.500000
-52.300000
-51.200000
-51.600000
-49.500000
-50.600000
-27.200000
73.800000
204.200000
304.400000
359.100000
362.900000
314.400000
218.700000
87.300000
-29.800000
-63.500000
-58.900000
-57.700000
-54.600000
-48.400000
-44.300000
-44.000000
-45.700000
-46.100000
-44.000000
-42.300000
-45.600000
-55.200000
-36.700000
4.200000
69.100000
208.100000
302.700000
358.800000
257.200000
312.900000
218.700000
68.100000
-15.300000
-43.500000
-42.500000
-46.800000
-49.800000
-51.600000
-60.000000
-56.900000
-60.300000
-62.200000
-59.000000
-61.700000
-65.000000
-62.800000
-57.900000
-28.100000
41.800000
178.700000
222.700000
229.400000
359.000000
271.300000
162.800000
49.200000
-24.400000
-46.500000
-52.700000
-50.700000
-38.700000
-42.100000
-35.700000
-40.700000
-42.900000
-48.900000
-51.000000
-50.000000
-50.000000
-53.300000
-54.000000
-31.800000
57.600000
172.700000
257.400000
302.700000
297.200000
242.400000
183.100000
46.700000
-26.800000
-45.900000
-47.300000
-46.200000
-47.400000
-45.900000
-43.300000
-42.100000
-43.000000
-44.700000
-50.300000
-48.000000
-49.100000
-43.900000
-44.000000
-26.100000
55.700000
172.300000
256.200000
294.300000
289.200000
263.500000
163.500000
77.100000
-14.000000
-49.100000
-37.400000
-34.500000
-42.000000
-44.300000
-46.900000
-47.800000
-53.200000
-14.600000
0.900000
0.000000
-0.800000
-1.900000
-2.200000
2.100000
42.300000
136.000000
140.500000
135.200000
136.900000
121.800000
81.500000
87.700000
-18.900000
-61.000000
-60.400000
-58.800000
-59.300000
-55.800000
-54.400000
-55.300000
-52.000000
-50.000000
-49.200000
-45.400000
-33.900000
-28.400000
1.500000
3.400000
15.000000
24.200000
43.900000
46.600000
37.200000
18.100000
23.900000
12.000000
0.300000
-4.400000
-5.500000
-5.100000
-4.900000
-4.900000
-4.500000
-5.200000
-5.300000
-5.600000
-6.800000
-6.200000
-6.900000
-6.300000
-21.700000
-31.300000
41.600000
143.100000
273.900000
244.000000
166.500000
171.200000
124.000000
56.000000
-39.100000
-47.300000
-27.300000
-19.700000
-16.300000
-25.800000
-19.100000
-33.700000
-60.700000
-65.000000
-67.400000
-55.700000
-34.200000
-30.600000
-24.700000
-22.700000
23.300000
60.200000
80.100000
82.800000
80.400000
159.500000
58.700000
16.400000
-7.800000
-18.400000
-19.400000
-17.400000
-17.700000
-16.600000
-14.500000
-15.800000
-15.400000
-17.800000
-17.300000
-15.900000
-15.900000
-16.700000
-17.400000
-12.400000
3.600000
30.200000
70.200000
90.300000
66.200000
82.900000
50.700000
7.000000
-6.000000
-23.200000
-26.600000
-27.200000
-24.500000
-12.800000
-10.600000
-18.400000
-12.600000
-13.200000
-15.600000
-15.400000
-22.500000
-56.700000
-58.800000
-55.000000
37.100000
139.600000
243.600000
288.100000
290.200000
251.400000
167.200000
55.600000
-47.300000
-67.500000
-60.700000
-59.000000
-57.300000
-52.000000
-53.000000
-54.300000
-55.000000
-52.100000
-51.500000
-51.400000
-48.500000
-44.500000
-32.500000
14.800000
50.500000
90.300000
79.800000
187.400000
112.800000
97.600000
81.700000
48.700000
3.200000
-22.800000
-47.500000
-12.200000
-21.300000
-7.300000
-1.200000
-2.700000
-3.300000
-3.400000
-4.100000
-4.200000
-4.900000
-5.200000
-6.300000
-0.200000
30.700000
70.500000
110.800000
174.400000
214.000000
102.100000
101.400000
46.400000
-34.600000
-52.300000
-48.100000
-39.300000
-21.000000
-14.700000
-14.400000
-14.000000
-14.300000
-9.000000
-5.000000
-3.800000
-3.400000
-4.100000
-5.300000
9.200000
96.800000
189.800000
231.200000
275.400000
274.900000
233.500000
153.000000
44.200000
-42.200000
-60.500000
-57.700000
-51.000000
-48.000000
-46.700000
-47.600000
-46.900000
-46.200000
-45.700000
-44.800000
-36.500000
-24.300000
-12.600000
-7.600000
4.000000
68.200000
138.300000
220.600000
273.600000
245.900000
118.300000
95.400000
23.100000
-6.400000
-12.000000
-29.000000
-56.300000
-65.099000
-47.200000
-25.200000
-18.800000
-25.300000
-14.600000
-14.100000
-9.500000
-30.500000
-5.200000
-2.100000
0.600000
54.400000
78.800000
142.300000
159.100000
123.700000
136.800000
69.500000
35.600000
-3.500000
-41.600000
-35.100000
-28.700000
-18.900000
-8.200000
-14.900000
-24.800000
-24.300000
-23.700000
-35.700000
-21.800000
-12.900000
-8.400000
-13.700000
3.500000
72.600000
63.000000
56.200000
38.600000
31.800000
48.800000
40.300000
7.400000
-4.700000
-2.200000
-0.900000
-0.200000
-0.900000
-7.000000
-7.000000
-7.000000
-17.500000
-18.500000
-9.300000
-11.700000
-8.200000
-5.900000
-6.000000
-3.600000
7.200000
24.200000
25.100000
26.000000
29.700000
53.900000
51.300000
44.200000
-6.200000
-50.400000
-63.100000
-64.300000
-59.900000
-63.700000
-65.400000
-66.200000
-57.700000
-29.700000
-11.200000
-7.500000
-8.200000
-17.100000
-20.500000
-35.900000
-6.700000
122.000000
213.900000
241.000000
265.100000
207.100000
121.100000
35.300000
-6.600000
-37.300000
-74.400000
-73.300000
-73.400000
-73.400000
-73.900000
-73.400000
-71.200000
-69.500000
-71.000000
-66.100000
-22.200000
-57.000000
-50.600000
-41.200000
2.000000
122.300000
213.600000
266.000000
273.100000
191.300000
154.700000
48.000000
-40.200000
-52.900000
-44.900000
-40.900000
-40.500000
-38.000000
-38.300000
-36.700000
-36.000000
-35.900000
-35.100000
-35.800000
-35.600000
-36.800000
-36.000000
-31.500000
22.100000
130.100000
214.800000
260.400000
271.600000
214.900000
128.700000
43.300000
-26.600000
-42.300000
-41.100000
-44.400000
-45.300000
-44.700000
-43.400000
-43.600000
-47.200000
-52.200000
-44.300000
-42.400000
-46.300000
-43.700000
-40.400000
-32.100000
11.100000
121.300000
205.200000
236.300000
270.000000
229.900000
112.400000
34.700000
-40.200000
-53.200000
-48.000000
-46.400000
-40.700000
-35.000000
-29.600000
-46.800000
-48.300000
-51.400000
-10.700000
-15.500000
-41.800000
-18.200000
-6.900000
-6.400000
13.800000
102.900000
198.400000
254.200000
265.000000
223.700000
148.000000
39.200000
-51.500000
-66.500000
-64.099000
-59.400000
-56.200000
-54.100000
-54.100000
-50.900000
-50.700000
-46.000000
-33.100000
-22.700000
-20.000000
-15.400000
-12.800000
3.100000
77.800000
148.000000
199.200000
249.300000
256.500000
223.800000
146.300000
38.600000
-46.700000
-58.800000
-61.300000
-63.300000
-60.400000
-59.300000
-58.600000
-62.400000
-60.900000
-52.600000
-56.000000
-62.400000
-63.600000
-60.500000
-59.600000
-56.500000
-4.100000
103.700000
195.500000
249.000000
274.900000
270.800000
178.700000
56.700000
-37.600000
-71.900000
-73.200000
-72.600000
-70.000000
-73.000000
-71.000000
-70.100000
-71.100000
-67.700000
-61.400000
-58.300000
-43.700000
-36.600000
-51.100000
-58.000000
-11.400000
98.900000
186.300000
172.000000
245.500000
280.600000
187.200000
62.600000
-47.500000
-80.000000
-76.700000
-68.900000
-75.800000
-76.400000
-77.100000
-77.600000
-77.300000
-77.200000
-75.100000
-59.200000
-63.100000
-42.600000
-18.400000
-40.200000
-3.000000
121.200000
231.900000
222.800000
211.900000
180.900000
97.800000
33.700000
-7.900000
-25.500000
-30.700000
-65.600000
-73.500000
-71.000000
-69.400000
-68.200000
-67.200000
-66.000000
-66.000000
-64.900000
-64.800000
-64.400000
-63.200000
-50.100000
47.100000
157.300000
121.100000
166.600000
145.100000
144.200000
117.900000
54.200000
-50.500000
-70.600000
-65.300000
-63.700000
-63.900000
-66.300000
-66.200000
-66.200000
-62.900000
-58.700000
-60.000000
-56.400000
-57.800000
-56.500000
-55.700000
-43.800000
9.700000
152.000000
233.300000
297.000000
305.700000
235.400000
171.100000
31.200000
-49.900000
-59.300000
-60.400000
-62.800000
-63.300000
-62.400000
-45.500000
-29.000000
-37.200000
-46.100000
-37.100000
-34.800000
-25.800000
-22.300000
-18.200000
-16.700000
5.400000
33.900000
57.400000
103.400000
151.300000
117.400000
48.700000
13.600000
-0.800000
-4.200000
-4.200000
-5.000000
-5.800000
-6.200000
-6.400000
-15.000000
-17.600000
-20.200000
-46.700000
-55.900000
-54.200000
-46.900000
-36.100000
-22.800000
13.300000
57.500000
77.200000
84.300000
68.900000
76.400000
38.400000
11.500000
-19.500000
-21.900000
-14.800000
-8.900000
-8.300000
-6.400000
-5.900000
-5.200000
-5.300000
-5.200000
-4.900000
-4.500000
-4.600000
-5.700000
-3.700000
-3.200000
1.700000
10.000000
13.000000
10.800000
20.100000
26.400000
14.500000
6.000000
-1.800000
-4.300000
-3.600000
-3.600000
-3.200000
-3.400000
-4.900000
-5.300000
-5.100000
-5.200000
-9.800000
-27.700000
-33.800000
-37.300000
-50.700000
-58.400000
-54.300000
-23.800000
16.000000
44.400000
53.300000
43.500000
13.900000
-28.600000
-60.000000
-65.400000
-62.900000
-64.500000
-64.099000
-56.600000
-58.600000
-55.300000
-52.100000
-54.000000
-53.400000
-48.900000
-45.200000
-46.900000
-47.000000
-47.900000
-48.200000
-20.100000
20.100000
45.100000
52.000000
42.100000
11.600000
-32.800000
-63.900000
-69.900000
-66.300000
-63.600000
-59.500000
-55.800000
-52.100000
-47.100000
-45.500000
-41.800000
-43.500000
-48.500000
-48.800000
-43.300000
-45.500000
-44.500000
-38.500000
-11.900000
30.900000
56.600000
61.300000
50.600000
20.100000
-24.500000
-50.300000
-51.400000
-45.400000
-41.200000
-38.500000
-38.300000
-35.800000
-33.900000
-32.100000
-26.100000
-18.400000
0.300000
12.500000
7.600000
-4.900000
-21.100000
-26.500000
3.700000
29.800000
45.500000
63.100000
49.800000
45.600000
17.400000
1.200000
-4.500000
-4.400000
-4.700000
-6.800000
-10.900000
-29.000000
-26.100000
-34.400000
-44.700000
-33.700000
-9.700000
-5.600000
-5.200000
-3.900000
0.400000
5.900000
15.100000
24.700000
23.400000
14.700000
17.100000
12.000000
10.300000
2.500000
0.300000
-1.400000
-1.800000
-1.200000
-1.300000
-1.300000
-1.300000
-1.300000
-1.100000
-1.300000
-1.600000
-1.600000
-1.700000
-2.000000
-1.700000
4.000000
26.600000
31.200000
51.500000
68.300000
96.900000
52.400000
21.900000
2.300000
-4.900000
-45.500000
-53.100000
-48.100000
-46.400000
-46.600000
-46.300000
-46.500000
-43.800000
-40.300000
-41.500000
-41.300000
-41.800000
-41.800000
-40.600000
-18.400000
19.700000
66.200000
93.100000
99.300000
86.100000
52.900000
-1.800000
-39.500000
-44.000000
-39.600000
-38.600000
-36.900000
-36.100000
-35.100000
-34.700000
-35.700000
-33.300000
-30.900000
-25.200000
-16.700000
-18.600000
-28.200000
-27.300000
-3.600000
33.600000
56.000000
63.600000
52.300000
16.500000
28.600000
11.700000
-6.900000
-17.200000
-11.600000
-8.600000
-8.000000
-7.500000
-9.300000
-8.300000
-14.800000
-12.300000
-8.300000
-1.900000
-24.900000
-30.700000
-22.700000
-25.400000
5.400000
2.000000
45.900000
42.600000
36.000000
58.000000
23.200000
8.600000
-29.600000
-30.600000
-24.300000
-16.300000
-21.000000
-20.400000
-28.400000
-17.900000
-12.200000
-10.700000
-17.000000
-9.900000
-16.900000
-13.800000
-9.000000
-0.600000
10.200000
30.700000
55.600000
57.100000
76.200000
51.500000
66.700000
12.500000
1.600000
-4.600000
-4.800000
-4.100000
-4.200000
-4.700000
-4.700000
-5.100000
-4.500000
-4.500000
-4.700000
-4.800000
-4.800000
-4.700000
-6.000000
-6.300000
0.400000
12.100000
24.700000
33.100000
39.600000
36.400000
29.100000
12.100000
-1.400000
-5.100000
-4.200000
-4.000000
-4.400000
-3.700000
-3.500000
-3.500000
-3.400000
-3.800000
-4.600000
-4.100000
-3.100000
-2.800000
-8.000000
-10.100000
1.800000
24.400000
49.800000
73.300000
86.400000
58.600000
34.900000
25.600000
0.600000
-7.900000
-8.400000
-7.600000
-6.600000
-5.800000
-5.700000
-6.200000
-5.200000
-4.300000
-3.800000
-3.200000
-8.700000
-17.800000
-13.300000
-17.700000
-0.500000
27.400000
86.100000
131.800000
108.900000
80.100000
59.500000
23.100000
0.200000
-35.500000
-50.700000
-38.800000
-36.100000
-51.700000
-46.600000
-43.800000
-42.000000
-36.100000
-11.400000
0.600000
0.900000
0.400000
-0.500000
-1.500000
9.600000
35.000000
42.300000
53.400000
45.600000
38.900000
29.000000
20.100000
1.500000
-3.800000
-3.500000
-1.800000
-0.800000
-0.200000
0.000000
-0.200000
-0.200000
-0.100000
-0.100000
-0.100000
0.100000
0.300000
-0.400000
1.700000
5.600000
14.500000
27.600000
38.900000
30.200000
33.700000
22.800000
17.100000
7.400000
0.700000
0.000000
-0.400000
-0.500000
-0.500000
-0.400000
0.000000
-1.400000
-2.100000
-2.700000
-2.500000
-2.100000
-2.000000
-2.300000
-2.400000
5.900000
12.400000
39.900000
46.700000
46.600000
40.300000
28.600000
16.000000
3.400000
-2.000000
-2.000000
-1.700000
-1.600000
-1.500000
-1.400000
-1.300000
-1.300000
-1.400000
-1.300000
-1.500000
-1.700000
-1.900000
-2.100000
-1.900000
8.200000
20.200000
38.000000
44.300000
30.400000
21.200000
14.900000
9.900000
1.700000
-1.300000
-1.500000
-1.700000
-1.300000
-1.100000
-1.100000
-1.700000
-1.900000
-1.900000
-1.100000
-0.800000
-1.000000
-0.800000
-0.900000
-0.500000
7.700000
25.800000
36.600000
36.400000
41.700000
38.500000
25.000000
19.200000
2.500000
-2.200000
-2.400000
-2.600000
-2.800000
-2.100000
-1.800000
-1.400000
-1.700000
-2.100000
-2.400000
-2.500000
-2.200000
-1.700000
-1.500000
-9999.000000
-9999.000000
-9999.000000
-9999.000000
-9999.000000
-9999.000000
-9999.000000
-9999.000000
-9999.000000
-9999.000000
-9999.000000
-9999.000000
-3.500000
-4.300000
-3.700000
-4.700000
-6.200000
-7.100000
-50.400000
-53.600000
-63.800000
-69.300000
-66.900000
-62.000000
-52.300000
-57.800000
-32.200000
13.300000
46.200000
45.100000
30.800000
23.500000
8.500000
-6.400000
-20.200000
-41.200000
-56.900000
-51.700000
-48.000000
-43.600000
-34.400000
-25.600000
-15.300000
-9.200000
-7.300000
-6.500000
-6.500000
-5.000000
-3.700000
3.700000
36.200000
94.400000
85.000000
57.300000
24.100000
12.500000
-9.000000
-15.000000
-17.200000
-23.200000
-21.600000
-9.600000
0.200000
1.500000
-4.000000
-7.200000
1.500000
1.100000
2.700000
-2.900000
2.100000
0.400000
-0.300000
2.800000
11.500000
28.100000
32.201000
28.900000
19.300000
26.000000
6.900000
-25.800000
-57.500000
-37.700000
-38.900000
-55.700000
-43.900000
-53.100000
-51.900000