972.410000
971.120000
969.820000
968.530000
967.520000
966.500000
965.490000
965.450000
965.410000
965.370000
966.040000
966.710000
967.370000
967.520000
967.670000
967.820000
968.260000
968.710000
969.150000
969.020000
968.880000
968.750000
968.570000
968.390000
968.200000
968.130000
968.060000
967.990000
967.660000
967.330000
967.000000
967.440000
967.870000
968.310000
968.050000
967.780000
967.520000
966.550000
965.590000
964.620000
964.300000
963.990000
963.680000
963.300000
962.920000
962.540000
962.350000
962.150000
961.950000
961.380000
960.820000
960.250000
959.910000
959.570000
959.230000
959.250000
959.280000
959.310000
959.710000
960.110000
960.510000
961.360000
962.210000
963.050000
964.830000
966.610000
968.390000
970.360000
972.340000
974.320000
975.400000
976.480000
977.560000
978.690000
979.810000
980.940000
981.740000
982.540000
983.350000
984.330000
985.310000
986.290000
986.770000
987.240000
987.710000
987.270000
986.830000
986.390000
986.420000
986.450000
986.480000
985.960000
985.440000
984.910000
984.480000
984.050000
983.620000
983.370000
983.130000
982.880000
982.080000
981.270000
980.470000
979.370000
978.270000
977.170000
976.060000
974.960000
973.850000
971.980000
970.100000
968.230000
967.410000
966.600000
965.790000
965.040000
964.300000
963.550000
963.030000
962.510000
962.000000
961.330000
960.650000
959.980000
959.560000
959.130000
958.710000
958.790000
958.880000
958.960000
958.760000
958.550000
958.350000
958.080000
957.810000
957.540000
957.850000
958.170000
958.490000
958.520000
958.550000
958.570000
958.660000
958.740000
958.820000
958.860000
958.900000
958.940000
959.030000
959.110000
959.200000
959.390000
959.570000
959.750000
959.840000
959.920000
960.000000
959.480000
958.950000
958.420000
959.110000
959.810000
960.500000
961.940000
963.380000
964.810000
965.650000
966.500000
967.340000
967.760000
968.190000
968.620000
968.980000
969.340000
969.700000
970.560000
971.420000
972.280000
972.140000
972.000000
971.860000
970.800000
969.740000
968.680000
968.080000
967.480000
966.880000
966.370000
965.850000
965.340000
964.330000
963.320000
962.310000
961.780000
961.240000
960.710000
960.920000
961.140000
961.350000
962.150000
962.950000
963.740000
964.830000
965.930000
967.020000
967.990000
968.970000
969.950000
971.420000
972.880000
974.340000
975.790000
977.240000
978.690000
979.300000
979.910000
980.520000
981.040000
981.560000
982.090000
982.530000
982.970000
983.410000
983.490000
983.560000
983.630000
983.650000
983.660000
983.670000
982.860000
982.040000
981.230000
980.850000
980.470000
980.100000
979.520000
978.950000
978.370000
977.750000
977.120000
976.500000
976.410000
976.330000
976.240000
976.630000
977.010000
977.390000
978.090000
978.780000
979.480000
979.920000
980.360000
980.810000
980.370000
979.930000
979.490000
979.470000
979.450000
979.420000
978.770000
978.110000
977.460000
976.710000
975.960000
975.210000
973.960000
972.720000
971.480000
970.550000
969.620000
968.690000
969.210000
969.720000
970.240000
970.820000
971.410000
971.990000
972.460000
972.930000
973.390000
975.760000
978.130000
980.500000
981.970000
983.430000
984.890000
985.450000
986.000000
986.560000
986.540000
986.520000
986.490000
986.090000
985.690000
985.280000
984.850000
984.420000
983.980000
983.180000
982.380000
981.570000
979.450000
977.330000
975.210000
973.450000
971.690000
969.930000
968.580000
967.230000
965.890000
965.900000
965.910000
965.930000
967.460000
968.990000
970.520000
972.850000
975.170000
977.500000
979.760000
982.010000
984.260000
985.830000
987.390000
988.950000
989.340000
989.730000
990.120000
991.000000
991.870000
992.750000
993.420000
994.100000
994.780000
995.240000
995.690000
996.140000
996.480000
996.820000
997.170000
997.410000
997.660000
997.900000
998.450000
999.000000
999.550000
999.690000
999.830000
999.970000
999.220000
998.480000
997.730000
997.470000
997.210000
996.950000
996.700000
996.450000
996.200000
995.560000
994.920000
994.270000
993.320000
992.370000
991.410000
990.290000
989.170000
988.050000
987.380000
986.710000
986.040000
985.460000
984.880000
984.300000
983.240000
982.180000
981.110000
980.400000
979.680000
978.970000
977.990000
977.020000
976.040000
974.990000
973.930000
972.870000
972.040000
971.200000
970.370000
970.810000
971.240000
971.670000
972.160000
972.650000
973.140000
973.630000
974.120000
974.620000
974.590000
974.560000
974.530000
974.720000
974.900000
975.090000
975.050000
975.020000
974.990000
974.730000
974.460000
974.190000
974.040000
973.880000
973.720000
973.890000
974.050000
974.210000
974.190000
974.160000
974.130000
973.580000
973.020000
972.470000
971.410000
970.350000
969.290000
969.530000
969.770000
970.000000
970.650000
971.310000
971.960000
972.750000
973.540000
974.330000
974.800000
975.280000
975.760000
975.690000
975.620000
975.550000
975.360000
975.160000
974.970000
974.330000
973.700000
973.060000
972.550000
972.040000
971.530000
972.170000
972.820000
973.460000
974.400000
975.340000
976.280000
976.890000
977.500000
978.110000
978.750000
979.380000
980.020000
980.370000
980.710000
981.060000
981.520000
981.980000
982.430000
982.000000
981.560000
981.130000
979.900000
978.660000
977.430000
976.570000
975.710000
974.850000
974.190000
973.540000
972.890000
972.470000
972.040000
971.610000
971.630000
971.660000
971.680000
971.870000
972.070000
972.270000
972.570000
972.880000
973.190000
973.120000
973.060000
972.990000
972.410000
971.820000
971.240000
970.960000
970.680000
970.400000
970.080000
969.760000
969.430000
969.310000
969.190000
969.070000
968.670000
968.270000
967.860000
967.580000
967.290000
967.000000
967.000000
967.000000
966.990000
967.030000
967.070000
967.110000
966.580000
966.050000
965.510000
965.760000
966.010000
966.250000
966.340000
966.420000
966.500000
967.240000
967.980000
968.720000
970.070000
971.420000
972.770000
974.220000
975.670000
977.120000
978.500000
979.870000
981.250000
982.250000
983.250000
984.260000
985.040000
985.820000
986.600000
987.440000
988.290000
989.130000
990.180000
991.230000
992.280000
992.840000
993.400000
993.960000
994.030000
994.100000
994.170000
993.770000
993.360000
992.960000
993.060000
993.170000
993.270000
992.590000
991.910000
991.240000
990.030000
988.820000
987.610000
987.090000
986.570000
986.060000
986.080000
986.110000
986.130000
985.930000
985.720000
985.520000
985.470000
985.420000
985.370000
984.970000
984.570000
984.170000
984.830000
985.480000
986.130000
985.950000
985.770000
985.590000
984.830000
984.080000
983.320000
983.410000
983.500000
983.590000
984.030000
984.460000
984.900000
985.070000
985.240000
985.410000
985.420000
985.430000
985.440000
985.330000
985.220000
985.120000
985.760000
986.410000
987.060000
987.090000
987.130000
987.170000
986.740000
986.310000
985.890000
986.200000
986.510000
986.830000
987.250000
987.680000
988.110000
988.160000
988.210000
988.260000
988.400000
988.540000
988.680000
988.440000
988.200000
987.950000
987.400000
986.850000
986.300000
985.860000
985.430000
985.000000
983.770000
982.550000
981.320000
980.800000
980.270000
979.750000
979.070000
978.390000
977.710000
977.150000
976.600000
976.040000
975.250000
974.460000
973.660000
972.890000
972.120000
971.340000
970.780000
970.220000
969.660000
969.570000
969.490000
969.410000
968.770000
968.140000
967.510000
967.840000
968.160000
968.490000
969.050000
969.600000
970.160000
970.670000
971.170000
971.680000
972.230000
972.790000
973.340000
973.900000
974.460000
975.020000
975.710000
976.410000
977.110000
977.490000
977.870000
978.250000
977.940000
977.630000
977.330000
977.420000
977.520000
977.620000
977.760000
977.910000
978.050000
977.980000
977.910000
977.840000
977.520000
977.190000
976.860000
976.360000
975.850000
975.350000
975.520000
975.680000
975.850000
976.330000
976.810000
977.290000
977.210000
977.130000
977.060000
977.140000
977.220000
977.310000
977.220000
977.140000
977.050000
976.450000
975.860000
975.260000
974.510000
973.770000
973.020000
972.180000
971.340000
970.500000
969.650000
968.810000
967.960000
967.470000
966.990000
966.510000
965.720000
964.930000
964.150000
964.510000
964.860000
965.220000
965.850000
966.470000
967.100000
968.120000
969.150000
970.180000
970.860000
971.540000
972.230000
972.800000
973.380000
973.950000
974.680000
975.400000
976.120000
976.670000
977.220000
977.770000
977.780000
977.780000
977.790000
978.120000
978.460000
978.790000
979.160000
979.540000
979.910000
980.150000
980.400000
980.640000
980.720000
980.800000
980.870000
980.860000
980.840000
980.830000
980.550000
980.280000
980.000000
979.770000
979.540000
979.310000
978.770000
978.220000
977.680000
978.070000
978.460000
978.850000
979.460000
980.070000
980.680000
981.660000
982.640000
983.620000
984.290000
984.970000
985.640000
985.830000
986.010000
986.190000
986.710000
987.230000
987.760000
988.320000
988.890000
989.450000
989.210000
988.960000
988.710000
988.810000
988.910000
989.000000
989.350000
989.700000
990.050000
990.110000
990.180000
990.250000
990.290000
990.330000
990.360000
990.360000
990.350000
990.340000
990.420000
990.500000
990.580000
990.310000
990.040000
989.760000
988.750000
987.740000
986.730000
986.210000
985.690000
985.160000
984.250000
983.340000
982.420000
981.990000
981.550000
981.110000
980.380000
979.650000
978.920000
978.180000
977.440000
976.690000
976.310000
975.920000
975.530000
975.370000
975.220000
975.070000
974.660000
974.250000
973.840000
973.770000
973.700000
973.630000
973.570000
973.510000
973.450000
973.220000
973.000000
972.770000
972.310000
971.850000
971.400000
970.820000
970.250000
969.670000
969.020000
968.360000
967.710000
967.050000
966.390000
965.730000
964.280000
962.820000
961.370000
960.750000
960.130000
959.510000
959.980000
960.460000
960.930000
961.820000
962.710000
963.600000
964.430000
965.260000
966.080000
966.850000
967.610000
968.380000
969.460000
970.530000
971.610000
972.630000
973.660000
974.680000
975.390000
976.100000
976.800000
977.890000
978.970000
980.050000
981.070000
982.080000
983.100000
983.740000
984.390000
985.030000
985.290000
985.550000
985.820000
985.550000
985.290000
985.020000
984.850000
984.670000
984.490000
983.960000
983.420000
982.890000
981.620000
980.340000
979.070000
978.260000
977.440000
976.630000
975.890000
975.150000
974.410000
973.540000
972.670000
971.800000
970.560000
969.320000
968.080000
966.490000
964.910000
963.320000
961.400000
959.470000
957.550000
956.020000
954.500000
952.980000
951.710000
950.440000
949.170000
948.800000
948.440000
948.070000
948.610000
949.150000
949.700000
950.500000
951.300000
952.100000
953.210000
954.320000
955.420000
956.200000
956.980000
957.760000
958.850000
959.940000
961.030000
961.220000
961.420000
961.610000
961.460000
961.300000
961.150000
961.280000
961.410000
961.540000
961.890000
962.250000
962.600000
963.390000
964.180000
964.980000
964.520000
964.060000
963.600000
963.820000
964.040000
964.260000
964.890000
965.520000
966.150000
966.420000
966.680000
966.940000
967.130000
967.320000
967.520000
968.250000
968.980000
969.710000
970.440000
971.170000
971.900000
972.220000
972.540000
972.870000
973.470000
974.070000
974.670000
975.180000
975.690000
976.210000
976.950000
977.700000
978.440000
978.720000
979.000000
979.280000
978.890000
978.500000
978.100000
977.950000
977.800000
977.650000
977.760000
977.860000
977.970000
978.140000
978.310000
978.480000
978.550000
978.620000
978.700000
978.320000
977.950000
977.570000
977.770000
977.970000
978.180000
978.260000
978.350000
978.430000
978.430000
978.420000
978.420000
978.490000
978.570000
978.640000
979.320000
980.010000
980.690000
980.860000
981.040000
981.210000
981.210000
981.220000
981.220000
981.320000
981.430000
981.530000
981.800000
982.070000
982.340000
982.270000
982.210000
982.140000
981.620000
981.090000
980.570000
980.570000
980.570000
980.570000
981.060000
981.550000
982.040000
982.410000
982.780000
983.160000
983.460000
983.770000
984.070000
984.390000
984.710000
985.030000
985.650000
986.280000
986.910000
986.900000
986.880000
986.870000
986.500000
986.130000
985.770000
985.570000
985.380000
985.180000
985.270000
985.360000
985.450000
985.420000
985.400000
985.380000
985.070000
984.760000
984.440000
984.020000
983.600000
983.180000
983.070000
982.950000
982.840000
982.180000
981.530000
980.870000
979.400000
977.930000
976.450000
975.570000
974.680000
973.790000
973.170000
972.550000
971.930000
971.360000
970.800000
970.230000
969.320000
968.410000
967.500000
966.500000
965.490000
964.490000
963.390000
962.290000
961.190000
959.960000
958.730000
957.490000
956.120000
954.750000
953.380000
952.760000
952.130000
951.510000
951.890000
952.270000
952.650000
953.650000
954.660000
955.660000
956.930000
958.200000
959.470000
960.900000
962.340000
963.780000
964.750000
965.710000
966.680000
967.610000
968.540000
969.470000
969.970000
970.470000
970.970000
971.920000
972.880000
973.830000
975.050000
976.280000
977.510000
978.110000
978.720000
979.330000
979.690000
980.050000
980.400000
980.500000
980.590000
980.680000
980.990000
981.290000
981.600000
981.520000
981.450000
981.370000
980.640000
979.910000
979.190000
978.720000
978.260000
977.790000
977.650000
977.500000
977.360000
977.220000
977.080000
976.940000
976.590000
976.240000
975.890000
975.360000
974.820000
974.290000
973.790000
973.290000
972.780000
971.900000
971.020000
970.140000
968.760000
967.380000
966.010000
966.280000
966.560000
966.830000
968.970000
971.120000
973.260000
974.310000
975.360000
976.420000
976.990000
977.560000
978.130000
978.580000
979.030000
979.480000
980.150000
980.820000
981.490000
981.660000
981.830000
982.000000
981.760000
981.520000
981.280000
981.460000
981.640000
981.820000
982.390000
982.950000
983.510000
984.090000
984.670000
985.250000
985.730000
986.210000
986.690000
986.900000
987.110000
987.330000
988.220000
989.120000
990.020000
990.090000
990.160000
990.230000
989.920000
989.620000
989.310000
989.080000
988.850000
988.620000
989.060000
989.500000
989.940000
990.150000
990.360000
990.580000
990.490000
990.400000
990.310000
990.090000
989.860000
989.640000
989.440000
989.240000
989.040000
988.320000
987.610000
986.890000
985.540000
984.190000
982.840000
982.030000
981.220000
980.410000
979.620000
978.840000
978.050000
977.460000
976.880000
976.290000
975.670000
975.060000
974.440000
974.010000
973.580000
973.140000
973.060000
972.970000
972.890000
972.640000
972.390000
972.130000
971.410000
970.690000
969.980000
969.680000
969.390000
969.090000
968.970000
968.850000
968.740000
968.710000
968.680000
968.660000
968.620000
968.580000
968.550000
969.040000
969.530000
970.020000
971.140000
972.260000
973.380000
973.910000
974.440000
974.970000
974.900000
974.830000
974.750000
974.560000
974.370000
974.180000
973.970000
973.770000
973.570000
973.300000
973.040000
972.780000
971.760000
970.740000
969.730000
968.360000
966.990000
965.620000
964.780000
963.940000
963.110000
962.680000
962.260000
961.830000
962.240000
962.650000
963.060000
964.890000
966.720000
968.540000
970.350000
972.160000
973.970000
974.600000
975.230000
975.860000
976.350000
976.850000
977.340000
977.540000
977.740000
977.940000
978.680000
979.410000
980.150000
980.270000
980.390000
980.510000
980.220000
979.930000
979.640000
980.040000
980.430000
980.830000
981.920000
983.000000
984.090000
984.720000
985.360000
985.990000
986.290000
986.600000
986.900000
987.190000
987.480000
987.760000
988.480000
989.190000
989.910000
990.090000
990.270000
990.440000
990.190000
989.940000
989.680000
989.620000
989.550000
989.480000
990.260000
991.040000
991.820000
992.110000
992.400000
992.680000
993.120000
993.550000
993.990000
994.180000
994.370000
994.560000
994.910000
995.260000
995.620000
995.430000
995.250000
995.070000
993.950000
992.820000
991.700000
990.990000
990.270000
989.560000
989.380000
989.200000
989.010000
989.040000
989.060000
989.080000
988.650000
988.210000
987.780000
987.490000
987.210000
986.920000
986.630000
986.330000
986.040000
986.090000
986.140000
986.190000
985.720000
985.250000
984.790000
984.480000
984.180000
983.870000
984.040000
984.200000
984.360000
984.120000
983.880000
983.640000
983.290000
982.950000
982.600000
982.100000
981.590000
981.090000
980.680000
980.270000
979.860000
979.420000
978.990000
978.560000
977.320000
976.090000
974.860000
974.140000
973.420000
972.700000
972.660000
972.610000
972.570000
972.310000
972.040000
971.780000
971.760000
971.730000
971.710000
971.600000
971.500000
971.390000
971.430000
971.460000
971.500000
971.160000
970.820000
970.480000
969.490000
968.510000
967.520000
967.070000
966.610000
966.150000
965.610000
965.070000
964.530000
963.700000
962.870000
962.040000
961.200000
960.360000
959.520000
959.180000
958.850000
958.510000
958.990000
959.470000
959.950000
959.930000
959.910000
959.900000
959.480000
959.060000
958.640000
959.200000
959.750000
960.310000
961.550000
962.790000
964.040000
965.080000
966.120000
967.160000
967.790000
968.430000
969.060000
969.510000
969.960000
970.410000
971.320000
972.230000
973.140000
972.930000
972.720000
972.520000
971.740000
970.970000
970.200000
970.080000
969.950000
969.830000
970.060000
970.290000
970.520000
970.270000
970.030000
969.780000
969.290000
968.790000
968.300000
968.210000
968.120000
968.030000
968.430000
968.820000
969.220000
969.250000
969.280000
969.310000
968.640000
967.980000
967.320000
967.160000
967.000000
966.840000
967.270000
967.710000
968.150000
967.780000
967.400000
967.030000
966.600000
966.170000
965.740000
965.680000
965.610000
965.550000
965.800000
966.060000
966.320000
967.150000
967.980000
968.810000
969.050000
969.300000
969.550000
969.760000
969.970000
970.180000
971.160000
972.140000
973.120000
973.150000
973.180000
973.200000
972.710000
972.220000
971.730000
971.100000
970.470000
969.840000
969.710000
969.590000
969.470000
968.880000
968.290000
967.690000
967.020000
966.340000
965.670000
965.450000
965.240000
965.020000
966.050000
967.080000
968.110000
967.830000
967.560000
967.280000
966.960000
966.640000
966.320000
966.330000
966.340000
966.350000
966.830000
967.300000
967.770000
968.050000
968.330000
968.620000
969.440000
970.270000
971.100000
972.850000
974.590000
976.340000
978.190000
980.050000
981.900000
983.260000
984.610000
985.960000
986.700000
987.430000
988.160000
988.760000
989.360000
989.960000
991.140000
992.320000
993.500000
994.370000
995.240000
996.110000
995.790000
995.460000
995.140000
994.900000
994.660000
994.410000
994.710000
995.000000
995.300000
995.300000
995.300000
995.300000
994.980000
994.650000
994.330000
994.130000
993.930000
993.730000
993.500000
993.260000
993.020000
992.650000
992.270000
991.890000
990.870000
989.850000
988.820000
988.200000
987.580000
986.960000
986.970000
986.990000
987.000000
986.940000
986.870000
986.810000
986.570000
986.330000
986.090000
985.760000
985.430000
985.110000
985.040000
984.980000
984.920000
984.780000
984.650000
984.510000
983.610000
982.720000
981.820000
981.190000
980.560000
979.920000
980.100000
980.280000
980.460000
980.150000
979.830000
979.520000
979.090000
978.660000
978.230000
977.850000
977.460000
977.070000
976.980000
976.880000
976.790000
976.240000
975.700000
975.160000
974.280000
973.400000
972.520000
972.100000
971.690000
971.280000
971.460000
971.630000
971.810000
971.900000
971.980000
972.070000
971.940000
971.800000
971.670000
971.380000
971.080000
970.790000
970.980000
971.170000
971.370000
971.370000
971.360000
971.360000
970.920000
970.470000
970.030000
970.060000
970.100000
970.130000
970.380000
970.630000
970.870000
971.300000
971.720000
972.150000
972.320000
972.500000
972.670000
972.890000
973.110000
973.330000
973.740000
974.160000
974.570000
974.710000
974.840000
974.980000
974.560000
974.130000
973.710000
973.550000
973.390000
973.220000
973.140000
973.060000
972.980000
973.060000
973.150000
973.240000
973.240000
973.240000
973.250000
973.170000
973.090000
973.010000
973.520000
974.030000
974.530000
974.650000
974.760000
974.870000
974.390000
973.910000
973.430000
973.430000
973.420000
973.420000
974.340000
975.250000
976.170000
976.430000
976.690000
976.950000
977.250000
977.550000
977.850000
978.450000
979.060000
979.660000
980.320000
980.970000
981.630000
981.870000
982.120000
982.360000
982.060000
981.750000
981.440000
981.560000
981.680000
981.790000
982.450000
983.110000
983.770000
984.140000
984.510000
984.880000
984.950000
985.020000
985.090000
985.500000
985.910000
986.320000
986.790000
987.260000
987.730000
987.490000
987.240000
987.000000
986.240000
985.480000
984.720000
984.290000
983.860000
983.430000
983.490000
983.540000
983.590000
983.340000
983.100000
982.850000
982.620000
982.380000
982.150000
981.880000
981.600000
981.330000
981.230000
981.120000
981.010000
980.450000
979.890000
979.330000
978.590000
977.840000
977.100000
976.790000
976.480000
976.170000
976.490000
976.810000
977.130000
977.130000
977.130000
977.130000
977.240000
977.350000
977.460000
977.670000
977.880000
978.090000
978.580000
979.070000
979.560000
979.490000
979.420000
979.350000
978.590000
977.840000
977.080000
976.880000
976.670000
976.460000
976.690000
976.920000
977.150000
977.150000
977.150000
977.150000
976.770000
976.400000
976.030000
975.620000
975.220000
974.820000
974.370000
973.930000
973.480000
972.610000
971.740000
970.870000
969.670000
968.470000
967.280000
966.890000
966.500000
966.120000
965.730000
965.350000
964.960000
964.550000
964.150000
963.740000
963.160000
962.580000
962.000000
961.130000
960.270000
959.400000
958.760000
958.130000
957.490000
956.400000
955.310000
954.220000
953.290000
952.360000
951.440000
951.190000
950.950000
950.710000
952.120000
953.530000
954.940000
956.200000
957.460000
958.720000
959.180000
959.640000
960.100000
959.890000
959.690000
959.480000
959.580000
959.690000
959.790000
959.340000
958.900000
958.450000
958.480000
958.500000
958.520000
959.370000
960.230000
961.080000
962.140000
963.200000
964.260000
964.600000
964.940000
965.290000
965.500000
965.720000
965.930000
966.310000
966.680000
967.050000
967.130000
967.210000
967.290000
967.170000
967.050000
966.930000
966.470000
966.000000
965.530000
965.500000
965.480000
965.450000
965.660000
965.880000
966.100000
966.120000
966.140000
966.160000
966.090000
966.020000
965.950000
965.990000
966.030000
966.080000
967.210000
968.340000
969.470000
970.050000
970.630000
971.210000
971.150000
971.090000
971.030000
971.260000
971.490000
971.710000
973.240000
974.770000
976.290000
976.860000
977.430000
977.990000
977.960000
977.940000
977.910000
977.790000
977.670000
977.550000
977.650000
977.760000
977.860000
977.600000
977.340000
977.080000
976.010000
974.950000
973.890000
973.560000
973.230000
972.900000
973.080000
973.260000
973.450000
973.370000
973.290000
973.220000
972.730000
972.240000
971.760000
971.080000
970.410000
969.740000
969.700000
969.670000
969.640000
969.120000
968.600000
968.090000
967.150000
966.220000
965.280000
965.180000
965.070000
964.960000
965.310000
965.650000
965.990000
966.050000
966.120000
966.180000
966.310000
966.440000
966.560000
966.620000
966.680000
966.740000
967.020000
967.300000
967.580000
967.500000
967.410000
967.330000
966.560000
965.790000
965.010000
964.270000
963.530000
962.780000
963.140000
963.490000
963.850000
963.530000
963.220000
962.900000
962.290000
961.680000
961.070000
960.250000
959.430000
958.610000
958.260000
957.900000
957.540000
956.900000
956.260000
955.610000
954.620000
953.620000
952.630000
952.130000
951.630000
951.130000
952.460000
953.790000
955.120000
955.490000
955.860000
956.230000
956.040000
955.840000
955.650000
955.080000
954.510000
953.940000
953.540000
953.130000
952.730000
953.140000
953.560000
953.970000
954.780000
955.600000
956.410000
957.110000
957.800000
958.490000
959.140000
959.780000
960.420000
960.660000
960.910000
961.150000
961.260000
961.360000
961.470000
961.430000
961.380000
961.340000
962.050000
962.760000
963.470000
963.480000
963.480000
963.480000
963.060000
962.630000
962.200000
962.280000
962.370000
962.450000
963.490000
964.530000
965.560000
965.700000
965.840000
965.970000
966.120000
966.260000
966.410000
966.390000
966.360000
966.340000
966.790000
967.240000
967.700000
967.290000
966.880000
966.470000
965.790000
965.110000
964.430000
964.420000
964.420000
964.410000
964.680000
964.960000
965.230000
965.150000
965.080000
965.000000
965.010000
965.020000
965.020000
964.800000
964.580000
964.360000
964.800000
965.240000
965.680000
965.580000
965.480000
965.380000
964.860000
964.340000
963.820000
963.610000
963.400000
963.180000
964.100000
965.020000
965.940000
965.940000
965.940000
965.950000
965.890000
965.830000
965.770000
965.470000
965.170000
964.870000
964.530000
964.190000
963.860000
962.980000
962.110000
961.240000
960.110000
958.980000
957.850000
957.460000
957.070000
956.670000
957.250000
957.830000
958.400000
958.760000
959.120000
959.480000
960.300000
961.130000
961.960000
963.240000
964.510000
965.780000
967.540000
969.290000
971.050000
972.030000
973.020000
974.000000
974.390000
974.770000
975.160000
975.840000
976.510000
977.180000
978.350000
979.510000
980.680000
981.070000
981.460000
981.860000
981.760000
981.670000
981.570000
981.640000
981.720000
981.790000
982.100000
982.400000
982.710000
982.550000
982.390000
982.230000
981.850000
981.460000
981.070000
981.000000
980.920000
980.840000
981.200000
981.560000
981.920000
981.700000
981.490000
981.270000
980.950000
980.630000
980.300000
979.780000
979.250000
978.730000
977.990000
977.250000
976.510000
975.410000
974.300000
973.190000
972.060000
970.930000
969.800000
969.170000
968.540000
967.910000
967.910000
967.900000
967.900000
967.970000
968.030000
968.100000
968.220000
968.340000
968.470000
968.670000
968.880000
969.090000
969.540000
970.000000
970.460000
970.480000
970.510000
970.530000
970.000000
969.470000
968.940000
968.440000
967.950000
967.460000
967.310000
967.170000
967.030000
966.920000
966.810000
966.710000
966.310000
965.920000
965.520000
965.280000
965.040000
964.800000
965.060000
965.320000
965.580000
965.560000
965.550000
965.530000
964.840000
964.140000
963.450000
963.860000
964.260000
964.670000
965.620000
966.570000
967.520000
967.900000
968.280000
968.660000
969.200000
969.730000
970.260000
970.910000
971.550000
972.190000
973.360000
974.530000
975.710000
976.180000
976.650000
977.130000
977.000000
976.880000
976.750000
977.090000
977.430000
977.770000
978.320000
978.870000
979.420000
979.740000
980.060000
980.380000
980.560000
980.740000
980.910000
981.070000
981.220000
981.380000
981.560000
981.750000
981.940000
981.620000
981.300000
980.980000
980.280000
979.580000
978.880000
978.530000
978.180000
977.820000
977.670000
977.520000
977.360000
977.390000
977.420000
977.450000
977.730000
978.020000
978.300000
977.980000
977.660000
977.340000
977.170000
977.000000
976.830000
976.530000
976.230000
975.920000
975.150000
974.390000
973.620000
973.270000
972.930000
972.590000
972.770000
972.940000
973.110000
973.000000
972.890000
972.780000
972.230000
971.680000
971.130000
970.820000
970.510000
970.200000
969.890000
969.570000
969.250000
969.090000
968.940000
968.790000
968.590000
968.390000
968.180000
968.440000
968.700000
968.960000
969.390000
969.830000
970.260000
970.430000
970.600000
970.770000
970.980000
971.190000
971.400000
971.830000
972.260000
972.690000
973.030000
973.370000
973.710000
973.720000
973.720000
973.720000
973.480000
973.230000
972.990000
972.840000
972.700000
972.550000
973.030000
973.510000
973.990000
974.320000
974.650000
974.980000
975.150000
975.320000
975.490000
975.810000
976.120000
976.440000
976.690000
976.940000
977.200000
977.200000
977.200000
977.210000
976.740000
976.270000
975.800000
975.490000
975.190000
974.880000
975.370000
975.860000
976.340000
976.790000
977.230000
977.670000
977.960000
978.250000
978.540000
978.760000
978.980000
979.200000
979.450000
979.690000
979.940000
980.060000
980.170000
980.290000
979.850000
979.410000
978.970000
978.570000
978.170000
977.770000
978.650000
979.530000
980.410000
980.560000
980.720000
980.880000
980.830000
980.790000
980.750000
980.750000
980.750000
980.750000
981.100000
981.450000
981.800000
981.250000
980.700000
980.150000
979.260000
978.370000
977.480000
977.010000
976.540000
976.070000
976.380000
976.680000
976.990000
976.780000
976.580000
976.380000
975.840000
975.310000
974.770000
974.320000
973.870000
973.420000
973.590000
973.760000
973.940000
973.610000
973.290000
972.970000
972.630000
972.280000
971.940000
971.690000
971.430000
971.180000
971.880000
972.580000
973.280000
973.580000
973.870000
974.160000
974.030000
973.900000
973.760000
974.080000
974.400000
974.720000
975.410000
976.090000
976.780000
976.470000
976.160000
975.850000
975.370000
974.890000
974.420000
974.370000
974.320000
974.270000
974.350000
974.430000
974.510000
974.110000
973.720000
973.320000
973.090000
972.860000
972.640000
972.930000
973.230000
973.530000
973.590000
973.660000
973.720000
973.500000
973.270000
973.050000
972.630000
972.210000
971.790000
971.660000
971.520000
971.380000
971.970000
972.560000
973.140000
973.220000
973.300000
973.380000
973.340000
973.300000
973.250000
973.380000
973.510000
973.630000
973.740000
973.850000
973.960000
973.530000
973.100000
972.670000
971.930000
971.180000
970.440000
970.180000
969.920000
969.660000
969.620000
969.580000
969.540000
969.520000
969.510000
969.490000
969.440000
969.380000
969.330000
969.480000
969.630000
969.780000
970.030000
970.280000
970.530000
970.240000
969.960000
969.670000
969.020000
968.370000
967.720000
967.290000
966.860000
966.430000
966.310000
966.200000
966.090000
966.010000
965.940000
965.860000
965.710000
965.560000
965.410000
965.270000
965.140000
965.000000
965.040000
965.080000
965.120000
964.550000
963.980000
963.410000
962.710000
962.010000
961.310000
960.960000
960.610000
960.260000
960.610000
960.970000
961.320000
961.410000
961.490000
961.580000
961.450000
961.330000
961.210000
961.040000
960.870000
960.700000
961.000000
961.310000
961.620000
961.260000
960.900000
960.540000
959.800000
959.060000
958.320000
958.400000
958.490000
958.570000
960.640000
962.700000
964.770000
965.190000
965.610000
966.020000
966.270000
966.520000
966.770000
967.520000
968.270000
969.030000
970.400000
971.780000
973.150000
973.390000
973.640000
973.880000
973.560000
973.240000
972.910000
972.420000
971.920000
971.430000
971.610000
971.790000
971.980000
971.660000
971.340000
971.010000
970.250000
969.500000
968.740000
967.610000
966.480000
965.360000
964.850000
964.340000
963.820000
963.070000
962.320000
961.570000
961.140000
960.710000
960.280000
959.890000
959.490000
959.100000
961.200000
963.300000
965.410000
966.650000
967.890000
969.130000
969.230000
969.330000
969.440000
970.390000
971.350000
972.310000
973.730000
975.160000
976.580000
977.120000
977.670000
978.210000
978.370000
978.540000
978.700000
978.910000
979.110000
979.320000
980.280000
981.240000
982.200000
982.570000
982.930000
983.300000
983.420000
983.550000
983.670000
983.840000
984.010000
984.180000
984.410000
984.630000
984.860000
984.620000
984.380000
984.140000
983.430000
982.730000
982.030000
981.250000
980.470000
979.690000
979.750000
979.820000
979.880000
980.030000
980.180000
980.320000
979.830000
979.330000
978.840000
978.270000
977.690000
977.120000
976.630000
976.150000
975.660000
974.880000
974.100000
973.310000
972.420000
971.520000
970.630000
970.250000
969.870000
969.490000
969.930000
970.380000
970.830000
970.600000
970.370000
970.140000
969.760000
969.370000
968.980000
968.910000
968.830000
968.750000
969.700000
970.640000
971.590000
971.690000
971.780000
971.880000
971.760000
971.640000
971.520000
971.440000
971.350000
971.270000
972.100000
972.930000
973.750000
974.180000
974.600000
975.020000
975.620000
976.220000
976.830000
977.450000
978.080000
978.710000
979.240000
979.780000
980.310000
979.870000
979.430000
978.990000
978.250000
977.520000
976.780000
976.320000
975.850000
975.380000
975.890000
976.400000
976.910000
976.940000
976.960000
976.980000
976.780000
976.580000
976.370000
976.260000
976.150000
976.030000
975.830000
975.630000
975.420000
974.970000
974.520000
974.060000
973.210000
972.350000
971.490000
970.930000
970.370000
969.810000
970.140000
970.460000
970.790000
971.030000
971.270000
971.510000
971.480000
971.450000
971.420000
971.670000
971.910000
972.150000
972.280000
972.410000
972.530000
972.640000
972.740000
972.840000
972.480000
972.110000
971.750000
971.760000
971.770000
971.780000
971.770000
971.750000
971.730000
972.150000
972.570000
972.980000
973.240000
973.500000
973.750000
973.710000
973.660000
973.610000
973.610000
973.600000
973.590000
973.260000
972.920000
972.590000
972.070000
971.560000
971.040000
970.670000
970.290000
969.920000
970.100000
970.270000
970.450000
970.420000
970.400000
970.370000
970.150000
969.920000
969.690000
969.660000
969.630000
969.600000
969.590000
969.580000
969.580000
969.030000
968.480000
967.930000
967.220000
966.510000
965.810000
965.540000
965.270000
965.010000
965.030000
965.060000
965.080000
965.110000
965.150000
965.180000
964.860000
964.540000
964.230000
964.170000
964.120000
964.060000
964.160000
964.270000
964.380000
964.100000
963.820000
963.540000
963.310000
963.080000
962.850000
963.360000
963.880000
964.400000
964.980000
965.550000
966.130000
966.040000
965.960000
965.870000
966.020000
966.170000
966.320000
966.040000
965.760000
965.480000
965.580000
965.690000
965.790000
965.370000
964.940000
964.520000
964.000000
963.490000
962.970000
962.770000
962.570000
962.370000
962.970000
963.560000
964.160000
964.260000
964.370000
964.470000
964.460000
964.450000
964.440000
964.260000
964.080000
963.890000
964.170000
964.440000
964.720000
964.570000
964.420000
964.270000
963.800000
963.330000
962.860000
963.900000
964.940000
965.980000
967.380000
968.770000
970.170000
971.040000
971.920000
972.790000
973.600000
974.410000
975.220000
975.940000
976.650000
977.370000
977.930000
978.490000
979.050000
979.020000
978.990000
978.960000
978.390000
977.830000
977.260000
977.150000
977.040000
976.930000
977.160000
977.380000
977.610000
977.850000
978.100000
978.350000
978.390000
978.440000
978.490000
978.810000
979.130000
979.450000
979.940000
980.430000
980.920000
980.720000
980.520000
980.320000
979.790000
979.260000
978.720000
978.770000
978.820000
978.870000
979.440000
980.020000
980.590000
980.670000
980.750000
980.830000
980.910000
980.980000
981.060000
981.060000
981.070000
981.070000
981.200000
981.320000
981.450000
981.040000
980.630000
980.210000
979.140000
978.070000
976.990000
976.170000
975.350000
974.530000
974.710000
974.890000
975.070000
975.090000
975.120000
975.140000
974.470000
973.790000
973.120000
972.670000
972.230000
971.780000
971.300000
970.820000
970.340000
969.500000
968.660000
967.830000
966.990000
966.140000
965.300000
964.460000
963.620000
962.780000
962.150000
961.520000
960.880000
960.370000
959.860000
959.350000
958.730000
958.120000
957.510000
956.990000
956.470000
955.950000
957.150000
958.350000
959.550000
959.840000
960.140000
960.440000
960.930000
961.410000
961.900000
962.890000
963.880000
964.860000
966.580000
968.300000
970.020000
971.100000
972.180000
973.260000
973.850000
974.440000
975.030000
975.760000
976.490000
977.220000
977.860000
978.500000
979.140000
978.680000
978.230000
977.780000
976.860000
975.950000
975.030000
974.190000
973.350000
972.500000
972.550000
972.590000
972.640000
972.530000
972.410000
972.290000
971.820000
971.350000
970.890000
970.440000
969.990000
969.540000
968.840000
968.140000
967.450000
966.990000
966.540000
966.080000
965.690000
965.300000
964.910000
965.840000
966.770000
967.700000
969.790000
971.880000
973.970000
975.190000
976.410000
977.630000
978.480000
979.330000
980.190000
981.220000
982.260000
983.290000
984.140000
985.000000
985.850000
985.850000
985.850000
985.840000
985.430000
985.010000
984.600000
984.330000
984.050000
983.780000
983.920000
984.050000
984.190000
984.520000
984.850000
985.180000
985.180000
985.180000
985.180000
985.110000
985.050000
984.990000
984.610000
984.240000
983.870000
983.400000
982.920000
982.450000
981.610000
980.760000
979.920000
979.470000
979.030000
978.580000
978.300000
978.020000
977.740000
977.830000
977.920000
978.010000
977.770000
977.530000
977.290000
977.290000
977.280000
977.270000
977.000000
976.740000
976.470000
976.020000
975.580000
975.130000
974.570000
974.010000
973.450000
973.120000
972.780000
972.440000
972.690000
972.950000
973.200000
973.450000
973.700000
973.960000
974.080000
974.200000
974.330000
974.590000
974.850000
975.110000
975.240000
975.370000
975.500000
975.160000
974.810000
974.470000
973.870000
973.260000
972.650000
972.340000
972.040000
971.730000
972.180000
972.620000
973.070000
973.360000
973.660000
973.960000
973.730000
973.500000
973.270000
973.130000
972.990000
972.860000
972.680000
972.510000
972.340000
971.790000
971.250000
970.700000
970.100000
969.500000
968.900000
968.730000
968.560000
968.390000
968.850000
969.310000
969.780000
970.000000
970.230000
970.460000
970.670000
970.870000
971.070000
971.630000
972.190000
972.750000
973.820000
974.890000
975.970000
976.070000
976.170000
976.270000
975.960000
975.660000
975.350000
975.390000
975.440000
975.480000
976.080000
976.680000
977.290000
977.420000
977.560000
977.700000
977.630000
977.560000
977.490000
977.560000
977.630000
977.700000
977.910000
978.130000
978.340000
977.900000
977.450000
977.010000
976.280000
975.550000
974.810000
974.540000
974.260000
973.980000
974.180000
974.390000
974.590000
974.810000
975.020000
975.240000
975.020000
974.810000
974.590000
974.730000
974.870000
975.000000
975.280000
975.550000
975.820000
975.480000
975.140000
974.790000
974.300000
973.810000
973.310000
973.170000
973.030000
972.890000
973.500000
974.110000
974.720000
975.010000
975.290000
975.580000
975.330000
975.090000
974.840000
975.020000
975.200000
975.380000
975.450000
975.530000
975.610000
975.100000
974.590000
974.080000
973.470000
972.850000
972.230000
971.800000
971.370000
970.930000
971.170000
971.410000
971.650000
971.790000
971.930000
972.070000
971.640000
971.210000
970.780000
970.700000
970.610000
970.530000
970.270000
970.000000
969.740000
969.140000
968.530000
967.920000
966.990000
966.050000
965.120000
964.810000
964.510000
964.200000
964.730000
965.260000
965.790000
965.850000
965.910000
965.970000
965.750000
965.530000
965.310000
965.420000
965.530000
965.640000
965.530000
965.410000
965.300000
965.260000
965.230000
965.190000
964.950000
964.710000
964.480000
964.660000
964.850000
965.040000
965.750000
966.450000
967.150000
967.310000
967.480000
967.640000
967.710000
967.770000
967.830000
968.000000
968.160000
968.330000
968.680000
969.030000
969.390000
969.130000
968.870000
968.610000
968.200000
967.800000
967.390000
967.310000
967.240000
967.160000
967.650000
968.140000
968.630000
968.860000
969.100000
969.330000
969.240000
969.140000
969.050000
969.360000
969.670000
969.970000
970.310000
970.650000
970.990000
970.910000
970.820000
970.730000
970.190000
969.640000
969.100000
968.990000
968.880000
968.770000
969.190000
969.610000
970.040000
970.290000
970.550000
970.810000
970.900000
971.000000
971.090000
971.400000
971.700000
972.010000
972.450000
972.880000
973.320000
973.260000
973.200000
973.140000
972.740000
972.340000
971.950000
971.590000
971.240000
970.890000
970.820000
970.750000
970.680000
970.400000
970.110000
969.830000
969.170000
968.510000
967.850000
967.860000
967.880000
967.900000
968.630000
969.360000
970.100000
970.310000
970.530000
970.740000
970.640000
970.550000
970.450000
970.390000
970.330000
970.270000
970.700000
971.140000
971.580000
972.040000
972.490000
972.950000
972.740000
972.520000
972.310000
972.060000
971.810000
971.560000
971.320000
971.090000
970.850000
969.910000
968.980000
968.040000
967.000000
965.970000
964.930000
964.160000
963.380000
962.610000
962.610000
962.610000
962.610000
962.900000
963.200000
963.500000
963.730000
963.960000
964.190000
964.660000
965.120000
965.580000
966.410000
967.230000
968.060000
967.990000
967.920000
967.850000
967.410000
966.980000
966.540000
966.880000
967.220000
967.550000
968.600000
969.640000
970.690000
970.850000
971.000000
971.160000
971.080000
971.010000
970.930000
971.260000
971.590000
971.910000
973.000000
974.080000
975.160000
975.490000
975.810000
976.130000
975.880000
975.630000
975.380000
975.500000
975.620000
975.740000
976.340000
976.930000
977.520000
977.990000
978.450000
978.920000
979.170000
979.420000
979.680000
979.960000
980.240000
980.520000
980.760000
981.000000
981.250000
980.780000
980.310000
979.840000
979.140000
978.450000
977.760000
977.440000
977.120000
976.800000
977.100000
977.400000
977.710000
977.960000
978.210000
978.460000
978.170000
977.890000
977.610000
977.500000
977.400000
977.290000
977.450000
977.620000
977.780000
977.350000
976.920000
976.500000
975.730000
974.960000
974.190000
973.640000
973.090000
972.540000
972.660000
972.790000
972.910000
972.870000
972.830000
972.790000
972.570000
972.360000
972.150000
972.150000
972.150000
972.150000
972.320000
972.490000
972.670000
972.270000
971.880000
971.480000
970.860000
970.240000
969.620000
969.100000
968.580000
968.060000
968.120000
968.180000
968.250000
968.170000
968.090000
968.010000
967.250000
966.490000
965.730000
964.860000
963.980000
963.110000
962.760000
962.400000
962.050000
961.100000
960.160000
959.210000
958.580000
957.960000
957.340000
957.240000
957.150000
957.060000
958.480000
959.890000
961.310000
961.830000
962.360000
962.890000
962.800000
962.700000
962.610000
962.590000
962.570000
962.550000
962.750000
962.950000
963.160000
962.600000
962.050000
961.500000
960.660000
959.820000
958.990000
958.930000
958.870000
958.810000
959.410000
960.000000
960.600000
960.680000
960.750000
960.820000
961.020000
961.220000
961.420000
962.400000
963.380000
964.360000
965.640000
966.920000
968.200000
968.730000
969.250000
969.770000
969.660000
969.550000
969.440000
969.390000
969.330000
969.280000
970.020000
970.760000
971.510000
971.810000
972.120000
972.430000
972.160000
971.880000
971.610000
971.650000
971.680000
971.720000
971.810000
971.900000
971.990000
971.540000
971.100000
970.650000
969.910000
969.170000
968.440000
968.140000
967.840000
967.540000
968.080000
968.620000
969.160000
969.220000
969.280000
969.330000
969.050000
968.760000
968.480000
968.750000
969.030000
969.300000
969.490000
969.670000
969.860000
969.530000
969.190000
968.860000
968.400000
967.950000
967.490000
967.220000
966.940000
966.660000
967.230000
967.790000
968.360000
968.600000
968.850000
969.090000
968.930000
968.760000
968.600000
968.870000
969.140000
969.410000
969.700000
969.990000
970.280000
970.230000
970.190000
970.150000
969.910000
969.680000
969.440000
969.380000
969.310000
969.240000
969.900000
970.550000
971.210000
971.340000
971.470000
971.600000
971.410000
971.230000
971.040000
971.170000
971.300000
971.430000
971.050000
970.660000
970.270000
970.000000
969.740000
969.470000
969.160000
968.840000
968.530000
968.650000
968.760000
968.880000
969.670000
970.470000
971.270000
971.800000
972.330000
972.870000
973.080000
973.280000
973.490000
974.080000
974.670000
975.250000
975.560000
975.870000
976.180000
976.060000
975.940000
975.820000
975.220000
974.620000
974.010000
973.580000
973.140000
972.700000
973.100000
973.500000
973.890000
974.140000
974.390000
974.640000
974.400000
974.160000
973.930000
973.730000
973.530000
973.330000
973.470000
973.610000
973.750000
973.690000
973.640000
973.590000
973.030000
972.460000
971.900000
971.490000
971.070000
970.660000
971.000000
971.340000
971.690000
971.760000
971.830000
971.910000
971.440000
970.980000
970.520000
970.130000
969.750000
969.370000
969.320000
969.270000
969.220000
968.770000
968.320000
967.870000
967.420000
966.970000
966.520000
966.240000
965.970000
965.700000
966.040000
966.380000
966.720000
966.610000
966.500000
966.380000
965.920000
965.460000
965.000000
964.930000
964.860000
964.780000
965.420000
966.060000
966.700000
966.710000
966.710000
966.720000
966.580000
966.450000
966.310000
966.240000
966.160000
966.090000
966.490000
966.880000
967.280000
967.530000
967.770000
968.020000
967.920000
967.820000
967.710000
967.980000
968.250000
968.520000
968.570000
968.620000
968.680000
968.330000
967.990000
967.640000
966.900000
966.150000
965.410000
964.870000
964.330000
963.790000
963.940000
964.090000
964.240000
963.910000
963.580000
963.250000
962.930000
962.620000
962.310000
962.230000
962.160000
962.090000
962.280000
962.460000
962.650000
962.230000
961.810000
961.390000
960.960000
960.540000
960.110000
960.060000
960.010000
959.970000
960.340000
960.710000
961.080000
961.430000
961.770000
962.110000
962.060000
962.000000
961.950000
962.200000
962.440000
962.680000
963.110000
963.540000
963.960000
963.840000
963.720000
963.590000
963.500000
963.400000
963.300000
963.620000
963.930000
964.240000
965.020000
965.800000
966.580000
966.980000
967.380000
967.780000
968.000000
968.210000
968.420000
968.790000
969.160000
969.540000
969.520000
969.510000
969.500000
969.200000
968.900000
968.600000
968.210000
967.820000
967.430000
967.330000
967.240000
967.140000
966.770000
966.390000
966.020000
965.930000
965.850000
965.760000
965.110000
964.460000
963.810000
963.540000
963.280000
963.010000
962.890000
962.770000
962.650000
962.450000
962.260000
962.060000
961.800000
961.540000
961.280000
961.190000
961.110000
961.030000
961.690000
962.350000
963.010000
963.430000
963.850000
964.280000
964.350000
964.410000
964.480000
964.690000
964.890000
965.100000
965.350000
965.600000
965.850000
965.680000
965.510000
965.340000
965.130000
964.930000
964.720000
964.820000
964.920000
965.030000
965.520000
966.020000
966.520000
966.830000
967.130000
967.440000
967.430000
967.420000
967.420000
967.650000
967.890000
968.130000
968.300000
968.480000
968.660000
968.440000
968.230000
968.020000
968.080000
968.140000
968.200000
968.330000
968.470000
968.600000
968.930000
969.260000
969.580000
969.970000
970.360000
970.750000
970.760000
970.760000
970.770000
970.780000
970.780000
970.790000
971.120000
971.460000
971.790000
971.470000
971.150000
970.830000
970.580000
970.320000
970.060000
969.900000
969.730000
969.560000
969.670000
969.790000
969.900000
970.020000
970.130000
970.250000
970.020000
969.790000
969.550000
969.510000
969.460000
969.420000
969.680000
969.940000
970.200000
970.020000
969.830000
969.650000
969.290000
968.940000
968.580000
968.580000
968.570000
968.560000
968.780000
969.000000
969.210000
969.520000
969.820000
970.130000
969.970000
969.810000
969.640000
969.770000
969.890000
970.010000
970.040000
970.070000
970.100000
969.640000
969.180000
968.730000
968.390000
968.060000
967.720000
967.330000
966.940000
966.550000
966.490000
966.430000
966.370000
966.280000
966.200000
966.110000
965.810000
965.500000
965.190000
965.210000
965.240000
965.260000
966.000000
966.730000
967.470000
968.020000
968.570000
969.120000
969.280000
969.440000
969.600000
969.850000
970.110000
970.360000
971.080000
971.790000
972.510000
973.060000
973.610000
974.160000
974.410000
974.650000
974.890000
975.150000
975.400000
975.660000
975.700000
975.740000
975.780000
975.180000
974.590000
974.000000
973.140000
972.280000
971.420000
970.800000
970.180000
969.550000
969.350000
969.150000
968.940000
969.020000
969.100000
969.180000
969.170000
969.160000
969.150000
969.250000
969.340000
969.440000
969.610000
969.790000
969.960000
969.670000
969.370000
969.070000
968.600000
968.130000
967.660000
967.470000
967.280000
967.100000
967.010000
966.920000
966.840000
966.980000
967.120000
967.260000
967.290000
967.320000
967.350000
967.730000
968.110000
968.490000
968.950000
969.410000
969.860000
969.780000
969.690000
969.610000
969.250000
968.890000
968.530000
968.250000
967.980000
967.710000
968.060000
968.420000
968.770000
969.150000
969.530000
969.920000
969.820000
969.730000
969.640000
969.890000
970.140000
970.380000
970.750000
971.120000
971.490000
971.330000
971.180000
971.020000
970.600000
970.190000
969.770000
969.560000
969.340000
969.130000
969.700000
970.260000
970.830000
971.280000
971.720000
972.170000
972.330000
972.500000
972.660000
973.140000
973.620000
974.100000
974.380000
974.670000
974.950000
974.890000
974.820000
974.750000
974.460000
974.170000
973.880000
973.700000
973.520000
973.330000
973.980000
974.620000
975.260000
975.660000
976.070000
976.470000
976.430000
976.390000
976.360000
976.360000
976.350000
976.350000
976.280000
976.220000
976.150000
975.690000
975.230000
974.770000
973.930000
973.090000
972.250000
971.490000
970.720000
969.960000
970.340000
970.720000
971.100000
970.910000
970.720000
970.530000
969.730000
968.930000
968.140000
967.730000
967.310000
966.900000
967.770000
968.640000
969.510000
969.650000
969.780000
969.920000
969.840000
969.770000
969.690000
969.960000
970.240000
970.520000
971.580000
972.650000
973.710000
974.090000
974.480000
974.860000
974.730000
974.590000
974.460000
974.700000
974.940000
975.180000
975.370000
975.570000
975.770000
975.570000
975.370000
975.180000
974.690000
974.190000
973.700000
973.360000
973.020000
972.680000
972.830000
972.980000
973.130000
973.370000
973.620000
973.870000
973.740000
973.610000
973.470000
973.530000
973.590000
973.650000
973.550000
973.440000
973.340000
973.070000
972.810000
972.550000
972.020000
971.490000
970.960000
970.520000
970.080000
969.630000
969.800000
969.970000
970.140000
970.290000
970.450000
970.610000
970.250000
969.890000
969.530000
969.610000
969.690000
969.760000
969.640000
969.510000
969.390000
968.980000
968.570000
968.160000
967.670000
967.190000
966.700000
966.390000
966.080000
965.770000
966.110000
966.450000
966.790000
967.270000
967.750000
968.230000
968.060000
967.880000
967.700000
967.830000
967.960000
968.090000
968.400000
968.710000
969.020000
968.940000
968.860000
968.780000
968.510000
968.250000
967.980000
967.750000
967.520000
967.300000
967.730000
968.160000
968.590000
969.000000
969.400000
969.810000
969.700000
969.580000
969.470000
969.560000
969.650000
969.740000
970.060000
970.370000
970.690000
970.450000
970.200000
969.960000
969.300000
968.640000
967.980000
967.610000
967.230000
966.850000
967.900000
968.950000
970.010000
970.150000
970.290000
970.440000
970.220000
970.000000
969.790000
969.740000
969.700000
969.650000
970.250000
970.840000
971.440000
971.090000
970.740000
970.380000
970.030000
969.680000
969.330000
969.300000
969.270000
969.230000
970.320000
971.410000
972.500000
973.030000
973.560000
974.090000
974.310000
974.520000
974.730000
975.120000
975.520000
975.910000
976.310000
976.720000
977.120000
977.210000
977.310000
977.400000
977.020000
976.640000
976.270000
976.060000
975.850000
975.650000
976.050000
976.460000
976.860000
977.100000
977.350000
977.590000
977.230000
976.880000
976.520000
976.310000
976.110000
975.900000
975.710000
975.510000
975.320000
974.920000
974.510000
974.110000
973.610000
973.120000
972.620000
972.570000
972.510000
972.460000
973.050000
973.640000
974.240000
974.630000
975.020000
975.410000
975.150000
974.890000
974.630000
974.680000
974.730000
974.780000
974.850000
974.920000
974.990000
974.810000
974.620000
974.440000
973.720000
972.990000
972.270000
971.750000
971.240000
970.720000
971.040000
971.360000
971.680000
971.780000
971.890000
971.990000
971.460000
970.920000
970.390000
970.100000
969.810000
969.520000
969.210000
968.910000
968.610000
968.080000
967.550000
967.020000
966.370000
965.710000
965.060000
965.010000
964.970000
964.920000
965.620000
966.330000
967.030000
967.970000
968.920000
969.860000
970.240000
970.630000
971.020000
971.830000
972.630000
973.440000
974.410000
975.370000
976.340000
976.270000
976.200000
976.120000
975.800000
975.480000
975.160000
974.840000
974.510000
974.180000
974.810000
975.440000
976.060000
976.300000
976.530000
976.760000
976.310000
975.850000
975.400000
975.260000
975.110000
974.970000
975.030000
975.090000
975.150000
974.920000
974.700000
974.480000
974.120000
973.760000
973.400000
973.510000
973.610000
973.720000
974.620000
975.530000
976.430000
976.820000
977.220000
977.610000
977.580000
977.550000
977.520000
977.720000
977.910000
978.110000
978.280000
978.460000
978.640000
978.370000
978.100000
977.830000
977.350000
976.870000
976.390000
976.260000
976.120000
975.990000
976.510000
977.040000
977.560000
977.860000
978.160000
978.460000
978.490000
978.520000
978.560000
978.840000
979.120000
979.400000
979.620000
979.840000
980.060000
979.780000
979.500000
979.210000
978.680000
978.150000
977.620000
977.460000
977.310000
977.150000
977.520000
977.890000
978.270000
978.480000
978.700000
978.920000
978.860000
978.810000
978.750000
978.870000
978.990000
979.110000
979.170000
979.230000
979.290000
978.660000
978.030000
977.400000
976.560000
975.720000
974.880000
974.440000
973.990000
973.540000
973.630000
973.720000
973.810000
973.770000
973.740000
973.700000
973.250000
972.810000
972.360000
972.160000
971.960000
971.770000
971.580000
971.390000
971.210000
970.950000
970.700000
970.440000
970.260000
970.090000
969.910000
969.780000
969.660000
969.530000
970.260000
970.980000
971.710000
971.950000
972.200000
972.440000
972.280000
972.110000
971.950000
972.020000
972.100000
972.170000
972.700000
973.230000
973.760000
973.700000
973.650000
973.590000
973.140000
972.680000
972.220000
972.100000
971.980000
971.860000
972.270000
972.680000
973.100000
973.290000
973.480000
973.680000
973.630000
973.590000
973.540000
973.830000
974.130000
974.420000
974.450000
974.480000
974.510000
974.320000
974.130000
973.930000
973.450000
972.960000
972.470000
972.310000
972.140000
971.980000
972.100000
972.220000
972.340000
972.420000
972.490000
972.570000
972.520000
972.460000
972.400000
972.380000
972.360000
972.340000
972.810000
973.290000
973.760000
973.560000
973.360000
973.160000
972.590000
972.020000
971.440000
971.190000
970.950000
970.700000
970.830000
970.970000
971.110000
971.000000
970.890000
970.780000
970.420000
970.060000
969.700000
969.340000
968.970000
968.610000
968.300000
967.990000
967.690000
967.370000
967.050000
966.740000
966.270000
965.800000
965.330000
965.060000
964.790000
964.520000
965.000000
965.490000
965.970000
966.790000
967.610000
968.420000
968.900000
969.370000
969.840000
970.090000
970.340000
970.590000
971.250000
971.900000
972.550000
972.300000
972.050000
971.800000
971.450000
971.110000
970.760000
970.670000
970.590000
970.510000
971.190000
971.880000
972.560000
972.940000
973.310000
973.690000
973.610000
973.540000
973.460000
973.620000
973.790000
973.950000
974.220000
974.480000
974.750000
974.480000
974.210000
973.940000
973.370000
972.800000
972.220000
971.910000
971.600000
971.280000
971.660000
972.030000
972.410000
972.460000
972.520000
972.570000
972.260000
971.960000
971.650000
971.570000
971.480000
971.400000
971.630000
971.860000
972.090000
971.480000
970.870000
970.260000
970.020000
969.790000
969.550000
969.370000
969.180000
968.990000
969.320000
969.660000
969.990000
970.040000
970.080000
970.130000
969.910000
969.680000
969.460000
969.570000
969.680000
969.790000
970.240000
970.690000
971.140000
971.090000
971.030000
970.970000
970.490000
970.000000
969.520000
969.210000
968.900000
968.600000
969.340000
970.090000
970.840000
971.130000
971.420000
971.710000
971.470000
971.220000
970.980000
970.940000
970.900000
970.860000
971.110000
971.360000
971.610000
971.170000
970.730000
970.290000
969.620000
968.950000
968.280000
968.190000
968.090000
968.000000
968.560000
969.120000
969.680000
969.880000
970.080000
970.290000
970.550000
970.810000
971.070000
971.460000
971.860000
972.250000
972.580000
972.910000
973.240000
973.000000
972.750000
972.510000
972.130000
971.750000
971.380000
971.330000
971.280000
971.230000
971.920000
972.620000
973.310000
973.650000
973.980000
974.320000
974.140000
973.970000
973.790000
973.810000
973.830000
973.850000
974.030000
974.210000
974.390000
973.720000
973.050000
972.370000
971.600000
970.820000
970.040000
969.560000
969.080000
968.610000
969.220000
969.820000
970.430000
970.720000
971.000000
971.280000
971.280000
971.280000
971.270000
971.820000
972.360000
972.900000
973.570000
974.230000
974.900000
974.780000
974.670000
974.560000
974.070000
973.580000
973.090000
972.890000
972.690000
972.480000
972.850000
973.230000
973.600000
973.600000
973.600000
973.610000
973.410000
973.210000
973.010000
972.820000
972.630000
972.440000
971.870000
971.290000
970.710000
970.090000
969.460000
968.830000
968.100000
967.360000
966.630000
966.270000
965.900000
965.540000
965.700000
965.870000
966.030000
966.060000
966.090000
966.120000
966.020000
965.920000
965.820000
965.890000
965.960000
966.040000
966.520000
967.000000
967.480000
967.410000
967.330000
967.250000
966.940000
966.620000
966.310000
966.180000
966.050000
965.920000
966.570000
967.220000
967.860000
968.110000
968.350000
968.600000
968.630000
968.660000
968.690000
969.000000
969.320000
969.630000
970.210000
970.800000
971.390000
971.640000
971.890000
972.150000
972.060000
971.970000
971.880000
971.850000
971.810000
971.780000
972.690000
973.590000
974.490000
974.900000
975.300000
975.710000
975.790000
975.870000
975.950000
976.240000
976.530000
976.810000
977.230000
977.650000
978.060000
977.920000
977.770000
977.620000
977.280000
976.930000
976.580000
976.200000
975.810000
975.430000
975.980000
976.530000
977.090000
977.180000
977.280000
977.370000
977.350000
977.330000
977.310000
977.350000
977.400000
977.440000
977.510000
977.580000
977.650000
977.030000
976.410000
975.780000
974.880000
973.980000
973.080000
972.380000
971.680000
970.980000
971.610000
972.240000
972.870000
972.630000
972.390000
972.140000
971.600000
971.050000
970.500000
969.980000
969.450000
968.920000
968.580000
968.240000
967.890000
967.270000
966.660000
966.040000
965.300000
964.550000
963.810000
963.570000
963.330000
963.100000
963.470000
963.840000
964.210000
964.400000
964.590000
964.780000
964.690000
964.590000
964.500000
964.450000
964.410000
964.360000
964.530000
964.700000
964.870000
964.690000
964.510000
964.330000
963.940000
963.550000
963.170000
963.110000
963.060000
963.000000
963.970000
964.950000
965.920000
966.870000
967.810000
968.750000
969.270000
969.780000
970.290000
970.470000
970.660000
970.850000
971.190000
971.530000
971.870000
971.580000
971.280000
970.990000
970.380000
969.770000
969.160000
969.060000
968.950000
968.850000
969.670000
970.500000
971.330000
971.790000
972.250000
972.710000
972.910000
973.110000
973.300000
973.760000
974.220000
974.680000
975.060000
975.440000
975.820000
975.560000
975.300000
975.030000
974.490000
973.950000
973.410000
973.570000
973.730000
973.890000
974.460000
975.030000
975.590000
975.830000
976.060000
976.290000
976.200000
976.120000
976.030000
976.350000
976.680000
977.000000
977.500000
978.010000
978.510000
978.130000
977.740000
977.350000
976.780000
976.200000
975.620000
975.290000
974.960000
974.620000
974.940000
975.250000
975.570000
975.670000
975.780000
975.880000
975.790000
975.690000
975.600000
975.650000
975.700000
975.750000
975.860000
975.980000
976.100000
975.710000
975.320000
974.920000
974.500000
974.080000
973.660000
973.320000
972.970000
972.630000
972.900000
973.180000
973.460000
973.510000
973.550000
973.600000
973.510000
973.420000
973.330000
973.510000
973.690000
973.870000
973.860000
973.860000
973.860000
973.660000
973.470000
973.270000
972.770000
972.270000
971.760000
971.520000
971.280000
971.040000
971.630000
972.220000
972.810000
973.000000
973.190000
973.390000
973.460000
973.540000
973.620000
973.640000
973.670000
973.690000
973.760000
973.830000
973.890000
973.550000
973.200000
972.860000
972.320000
971.780000
971.240000
970.820000
970.400000
969.980000
970.260000
970.530000
970.810000
970.850000
970.890000
970.930000
970.680000
970.420000
970.170000
969.900000
969.620000
969.350000
969.240000
969.120000
969.010000
968.490000
967.970000
967.450000
967.010000
966.560000
966.110000
966.150000
966.200000
966.240000
966.390000
966.550000
966.710000
966.810000
966.910000
967.010000
966.980000
966.950000
966.920000
967.000000
967.090000
967.170000
968.330000
969.480000
970.630000
970.870000
971.100000
971.330000
971.060000
970.780000
970.510000
970.670000
970.830000
970.990000
971.900000
972.820000
973.730000
973.970000
974.210000
974.450000
974.340000
974.240000
974.130000
974.370000
974.620000
974.860000
974.960000
975.060000
975.150000
975.240000
975.320000
975.400000
974.960000
974.530000
974.090000
973.960000
973.840000
973.710000
974.430000
975.150000
975.880000
976.240000
976.600000
976.970000
976.920000
976.870000
976.820000
976.890000
976.950000
977.020000
976.770000
976.510000
976.260000
975.740000
975.220000
974.710000
974.030000
973.350000
972.670000
972.290000
971.910000
971.520000
971.510000
971.500000
971.490000
971.150000
970.810000
970.480000
969.740000
969.010000
968.270000
967.780000
967.290000
966.800000
966.200000
965.590000
964.990000
964.430000
963.870000
963.310000
962.390000
961.460000
960.530000
960.480000
960.430000
960.380000
961.730000
963.090000
964.440000
964.700000
964.950000
965.210000
965.430000
965.650000
965.870000
966.170000
966.470000
966.770000
967.100000
967.430000
967.750000
967.860000
967.960000
968.070000
967.890000
967.700000
967.520000
967.760000
968.010000
968.250000
968.820000
969.390000
969.960000
970.150000
970.340000
970.530000
970.610000
970.680000
970.750000
971.150000
971.550000
971.940000
972.500000
973.060000
973.620000
973.920000
974.220000
974.520000
974.520000
974.520000
974.520000
974.590000
974.660000
974.720000
975.240000
975.760000
976.270000
976.570000
976.870000
977.180000
977.310000
977.450000
977.590000
977.780000
977.960000
978.140000
978.600000
979.050000
979.500000
979.160000
978.820000
978.480000
977.840000
977.190000
976.540000
976.040000
975.540000
975.040000
975.320000
975.590000
975.870000
975.940000
976.000000
976.070000
976.010000
975.950000
975.890000
975.730000
975.570000
975.400000
975.590000
975.780000
975.970000
975.680000
975.390000
975.100000
974.470000
973.840000
973.210000
972.720000
972.240000
971.760000
972.090000
972.430000
972.760000
972.890000
973.010000
973.130000
973.100000
973.070000
973.040000
972.770000
972.510000
972.250000
972.350000
972.460000
972.560000
972.260000
971.950000
971.650000
971.110000
970.570000
970.040000
969.720000
969.410000
969.090000
969.360000
969.630000
969.900000
970.030000
970.160000
970.290000
970.400000
970.510000
970.620000
970.780000
970.940000
971.100000
971.460000
971.830000
972.190000
972.290000
972.380000
972.480000
972.320000
972.150000
971.990000
972.020000
972.050000
972.080000
972.770000
973.460000
974.140000
974.310000
974.470000
974.630000
974.690000
974.750000
974.810000
974.990000
975.160000
975.340000
975.290000
975.230000
975.180000
975.220000
975.260000
975.300000
975.120000
974.950000
974.770000
974.680000
974.580000
974.490000
974.770000
975.050000
975.340000
975.290000
975.250000
975.200000
974.970000
974.740000
974.510000
974.600000
974.690000
974.770000
975.040000
975.310000
975.580000
975.620000
975.670000
975.710000
975.390000
975.060000
974.740000
974.670000
974.600000
974.530000
974.960000
975.400000
975.830000
975.870000
975.910000
975.950000
975.880000
975.810000
975.750000
975.740000
975.730000
975.720000
975.850000
975.990000
976.120000
976.000000
975.870000
975.750000
975.300000
974.850000
974.400000
974.220000
974.040000
973.870000
974.280000
974.690000
975.100000
975.270000
975.440000
975.610000
975.660000
975.710000
975.760000
975.990000
976.220000
976.450000
976.890000
977.330000
977.780000
977.600000
977.430000
977.250000
976.770000
976.280000
975.800000
975.750000
975.710000
975.660000
976.520000
977.370000
978.230000
978.480000
978.730000
978.980000
979.250000
979.520000
979.790000
980.070000
980.350000
980.630000
981.220000
981.810000
982.410000
982.240000
982.070000
981.890000
981.430000
980.970000
980.510000
980.240000
979.960000
979.680000
980.250000
980.810000
981.370000
981.610000
981.840000
982.080000
982.070000
982.060000
982.060000
982.000000
981.940000
981.880000
982.360000
982.840000
983.320000
982.970000
982.620000
982.270000
981.600000
980.930000
980.270000
979.850000
979.440000
979.020000
979.650000
980.280000
980.920000
980.990000
981.060000
981.130000
981.030000
980.940000
980.840000
980.950000
981.050000
981.160000
981.290000
981.420000
981.560000
981.290000
981.020000
980.750000
980.110000
979.480000
978.840000
978.440000
978.040000
977.640000
978.020000
978.400000
978.780000
978.730000
978.670000
978.610000
978.430000
978.250000
978.060000
977.860000
977.650000
977.440000
977.620000
977.810000
977.990000
977.700000
977.420000
977.140000
976.670000
976.200000
975.730000
975.400000
975.080000
974.750000
975.140000
975.530000
975.920000
976.210000
976.510000
976.810000
976.680000
976.560000
976.430000
976.390000
976.350000
976.310000
976.570000
976.820000
977.070000
976.970000
976.860000
976.750000
976.290000
975.820000
975.360000
975.310000
975.270000
975.220000
975.560000
975.890000
976.230000
976.370000
976.510000
976.660000
976.630000
976.590000
976.560000
976.700000
976.840000
976.980000
977.160000
977.330000
977.510000
977.320000
977.140000
976.960000
976.440000
975.910000
975.390000
975.370000
975.360000
975.340000
975.880000
976.430000
976.980000
977.200000
977.430000
977.660000
977.720000
977.770000
977.820000
978.010000
978.190000
978.370000
978.870000
979.380000
979.880000
979.650000
979.430000
979.200000
978.600000
978.010000
977.420000
977.220000
977.030000
976.840000
977.360000
977.880000
978.410000
978.640000
978.880000
979.120000
979.080000
979.040000
979.000000
979.010000
979.020000
979.030000
979.310000
979.600000
979.880000
979.570000
979.260000
978.950000
978.280000
977.610000
976.940000
976.480000
976.030000
975.570000
976.070000
976.560000
977.050000
977.160000
977.280000
977.390000
977.170000
976.950000
976.730000
976.460000
976.200000
975.940000
975.980000
976.020000
976.060000
975.940000
975.830000
975.710000
974.910000
974.100000
973.300000
972.830000
972.360000
971.890000
972.250000
972.620000
972.980000
973.170000
973.350000
973.540000
973.500000
973.460000
973.410000
973.340000
973.260000
973.190000
973.170000
973.150000
973.130000
972.900000
972.680000
972.460000
971.860000
971.260000
970.660000
970.770000
970.890000
971.010000
971.800000
972.600000
973.400000
973.720000
974.040000
974.360000
974.520000
974.680000
974.840000
975.050000
975.250000
975.450000
976.110000
976.760000
977.420000
977.470000
977.530000
977.580000
977.100000
976.610000
976.130000
976.140000
976.150000
976.150000
976.740000
977.330000
977.920000
978.040000
978.160000
978.270000
978.310000
978.350000
978.390000
978.520000
978.650000
978.790000
979.180000
979.570000
979.970000
979.880000
979.800000
979.710000
979.130000
978.550000
977.970000
977.710000
977.460000
977.200000
977.580000
977.960000
978.340000
978.410000
978.470000
978.540000
978.320000
978.100000
977.870000
977.690000
977.510000
977.330000
977.670000
978.000000
978.340000
978.110000
977.880000
977.650000
976.970000
976.290000
975.610000
975.600000
975.590000
975.590000
976.290000
977.000000
977.710000
977.600000
977.490000
977.390000
977.330000
977.270000
977.220000
977.350000
977.490000
977.630000
977.620000
977.620000
977.620000
977.570000
977.520000
977.470000
977.080000
976.690000
976.300000
976.330000
976.360000
976.390000
976.640000
976.900000
977.160000
977.290000
977.420000
977.560000
977.510000
977.470000
977.420000
977.600000
977.770000
977.950000
978.230000
978.510000
978.790000
978.580000
978.370000
978.170000
977.480000
976.800000
976.120000
975.820000
975.530000
975.240000
975.460000
975.680000
975.910000
976.010000
976.110000
976.210000
976.190000
976.160000
976.140000
976.080000
976.010000
975.950000
976.180000
976.410000
976.650000
976.490000
976.330000
976.170000
975.630000
975.100000
974.560000
974.400000
974.240000
974.070000
974.280000
974.480000
974.680000
974.830000
974.970000
975.110000
975.190000
975.270000
975.350000
975.470000
975.580000
975.700000
976.040000
976.380000
976.720000
976.750000
976.780000
976.810000
976.450000
976.090000
975.720000
975.790000
975.850000
975.910000
976.450000
976.990000
977.530000
977.690000
977.860000
978.020000
978.240000
978.460000
978.680000
978.850000
979.020000
979.190000
979.670000
980.160000
980.650000
980.490000
980.340000
980.180000
979.670000
979.150000
978.640000
978.590000
978.550000
978.510000
978.770000
979.030000
979.280000
979.360000
979.430000
979.500000
979.580000
979.650000
979.720000
979.790000
979.860000
979.940000
980.240000
980.550000
980.860000
980.630000
980.390000
980.160000
979.580000
979.010000
978.430000
978.160000
977.880000
977.600000
977.850000
978.090000
978.330000
978.390000
978.450000
978.520000
978.590000
978.660000
978.740000
978.870000
979.000000
979.130000
979.510000
979.880000
980.260000
980.190000
980.130000
980.060000
979.470000
978.880000
978.290000
978.190000
978.090000
977.990000
978.560000
979.130000
979.700000
979.810000
979.920000
980.030000
979.960000
979.890000
979.810000
979.750000
979.680000
979.620000
979.810000
980.010000
980.210000
979.940000
979.680000
979.410000
978.600000
977.790000
976.980000
976.510000
976.040000
975.570000
975.830000
976.090000
976.350000
976.110000
975.870000
975.620000
975.290000
974.950000
974.610000
974.300000
973.980000
973.670000
973.630000
973.580000
973.540000
972.880000
972.220000
971.570000
970.650000
969.730000
968.810000
968.390000
967.960000
967.540000
967.730000
967.930000
968.130000
967.920000
967.710000
967.510000
967.220000
966.940000
966.650000
966.700000
966.750000
966.790000
967.230000
967.670000
968.100000
968.870000
969.640000
970.400000
970.600000
970.790000
970.990000
971.220000
971.440000
971.670000
972.550000
973.440000
974.320000
974.500000
974.670000
974.850000
975.020000
975.200000
975.380000
975.610000
975.850000
976.080000
975.970000
975.860000
975.740000
975.550000
975.360000
975.160000
975.180000
975.200000
975.220000
975.020000
974.820000
974.630000
975.190000
975.750000
976.310000
976.410000
976.500000
976.590000
976.650000
976.700000
976.760000
977.100000
977.430000
977.770000
978.440000
979.100000
979.760000
979.680000
979.610000
979.530000
979.140000
978.750000
978.350000
978.390000
978.430000
978.470000
978.690000
978.900000
979.120000
979.090000
979.060000
979.020000
978.900000
978.780000
978.650000
978.600000
978.540000
978.490000
978.650000
978.820000
978.980000
978.660000
978.350000
978.030000
977.520000
977.010000
976.500000
976.480000
976.460000
976.440000
976.680000
976.910000
977.150000
977.040000
976.940000
976.830000
976.590000
976.350000
976.110000
976.010000
975.910000
975.800000
976.140000
976.480000
976.810000
976.430000
976.040000
975.660000
975.100000
974.540000
973.990000
974.070000
974.150000
974.230000
974.520000
974.810000
975.110000
974.680000
974.260000
973.830000
973.620000
973.410000
973.200000
973.020000
972.850000
972.670000
972.600000
972.530000
972.460000
972.220000
971.970000
971.720000
970.930000
970.130000
969.330000
968.960000
968.600000
968.230000
967.830000
967.420000
967.020000
966.340000
965.660000
964.980000
964.160000
963.330000
962.500000
961.670000
960.830000
959.990000
959.590000
959.180000
958.770000
958.720000
958.660000
958.600000
959.480000
960.360000
961.240000
962.630000
964.030000
965.420000
966.810000
968.200000
969.590000
970.100000
970.610000
971.120000
971.530000
971.940000
972.350000
972.820000
973.300000
973.780000
974.400000
975.010000
975.630000
975.690000
975.750000
975.810000
975.720000
975.630000
975.540000
975.710000
975.880000
976.050000
976.440000
976.820000
977.200000
977.550000
977.900000
978.240000
978.520000
978.800000
979.080000
979.210000
979.350000
979.480000
979.700000
979.920000
980.140000
979.780000
979.420000
979.060000
978.350000
977.640000
976.930000
976.490000
976.050000
975.600000
975.540000
975.470000
975.410000
975.140000
974.870000
974.610000
974.410000
974.220000
974.030000
973.750000
973.470000
973.200000
972.910000
972.610000
972.320000
971.420000
970.510000
969.610000
968.400000
967.190000
965.990000
965.350000
964.720000
964.090000
963.510000
962.920000
962.340000
961.450000
960.570000
959.680000
958.970000
958.270000
957.570000
957.070000
956.570000
956.080000
956.640000
957.200000
957.760000
958.340000
958.920000
959.500000
959.980000
960.470000
960.950000
961.280000
961.620000
961.950000
962.530000
963.120000
963.700000
963.530000
963.360000
963.190000
962.900000
962.610000
962.310000
962.000000
961.700000
961.390000
961.060000
960.730000
960.400000
960.560000
960.710000
960.870000
961.150000
961.430000
961.710000
962.360000
963.000000
963.650000
964.320000
964.980000
965.640000
965.780000
965.920000
966.060000
966.490000
966.920000
967.350000
967.640000
967.920000
968.210000
968.780000
969.350000
969.920000
970.010000
970.110000
970.200000
969.930000
969.660000
969.400000
969.660000
969.920000
970.190000
971.000000
971.810000
972.630000
973.040000
973.460000
973.880000
974.190000
974.500000
974.810000
974.950000
975.100000
975.240000
975.760000
976.290000
976.810000
976.590000
976.380000
976.160000
975.700000
975.240000
974.780000
974.700000
974.630000
974.560000
974.870000
975.180000
975.500000
975.560000
975.620000
975.690000
975.330000
974.970000
974.610000
974.130000
973.660000
973.190000
972.950000
972.700000
972.460000
971.460000
970.460000
969.450000
968.110000
966.780000
965.440000
964.840000
964.250000
963.660000
963.730000
963.800000
963.870000
962.750000
961.640000
960.520000
960.670000
960.820000
960.960000
961.880000
962.790000
963.700000
964.560000
965.420000
966.290000
966.910000
967.530000
968.150000
968.360000
968.570000
968.780000
969.480000
970.190000
970.890000
971.330000
971.760000
972.200000
972.400000
972.600000
972.800000
972.710000
972.630000
972.540000
972.340000
972.150000
971.950000
971.960000
971.980000
971.990000
971.490000
970.980000
970.480000
969.800000
969.130000
968.460000
968.390000
968.320000
968.260000
968.490000
968.730000
968.960000
968.980000
968.990000
969.000000
969.280000
969.570000
969.850000
970.170000
970.490000
970.800000
971.750000
972.690000
973.630000
973.500000
973.370000
973.240000
973.100000
972.950000
972.810000
972.920000
973.040000
973.150000
973.610000
974.070000
974.520000
974.590000
974.660000
974.730000
974.520000
974.320000
974.110000
973.940000
973.770000
973.600000
974.550000
975.500000
976.450000
976.490000
976.520000
976.560000
976.150000
975.740000
975.330000
975.490000
975.640000
975.790000
976.490000
977.190000
977.890000
978.080000
978.260000
978.440000
979.460000
980.480000
981.500000
982.110000
982.720000
983.330000
984.610000
985.890000
987.170000
986.770000
986.370000
985.970000
985.300000
984.630000
983.950000
983.760000
983.560000
983.370000
983.780000
984.200000
984.620000
984.760000
984.910000
985.050000
985.040000
985.020000
985.010000
985.040000
985.070000
985.110000
985.200000
985.290000
985.380000
984.800000
984.230000
983.660000
982.480000
981.300000
980.130000
979.540000
978.960000
978.370000
978.710000
979.040000
979.380000
978.930000
978.490000
978.040000
977.480000
976.920000
976.360000
976.150000
975.940000
975.730000
976.310000
976.880000
977.460000
977.480000
977.500000
977.530000
977.400000
977.270000
977.140000
977.770000
978.400000
979.040000
980.110000
981.190000
982.260000
982.630000
983.000000
983.370000
983.680000
983.990000
984.300000
984.550000
984.790000
985.040000
985.130000
985.230000
985.320000
984.900000
984.470000
984.050000
983.080000
982.110000
981.140000
981.160000
981.170000
981.190000
981.420000
981.650000
981.880000
981.620000
981.360000
981.100000
980.760000
980.430000
980.090000
979.870000
979.650000
979.440000
978.920000
978.410000
977.890000
977.350000
976.820000
976.280000
975.380000
974.480000
973.590000
973.320000
973.060000
972.800000
972.340000
971.890000
971.440000
971.300000
971.160000
971.010000
970.780000
970.550000
970.320000
970.440000
970.560000
970.680000
971.120000
971.560000
972.000000
972.030000
972.060000
972.090000
972.030000
971.970000
971.920000
972.410000
972.900000
973.400000
974.410000
975.430000
976.450000
976.870000
977.290000
977.720000
978.120000
978.510000
978.910000
979.350000
979.790000
980.230000
980.650000
981.060000
981.480000
981.340000
981.200000
981.060000
980.660000
980.260000
979.860000
980.000000
980.140000
980.280000
981.090000
981.900000
982.700000
983.260000
983.820000
984.370000
984.920000
985.470000
986.020000
986.680000
987.340000
988.010000
988.610000
989.210000
989.810000
989.380000
988.960000
988.530000
987.850000
987.160000
986.470000
985.930000
985.390000
984.850000
984.640000
984.420000
984.210000
983.610000
983.000000
982.400000
981.850000
981.300000
980.750000
980.230000
979.710000
979.190000
978.650000
978.120000
977.580000
976.690000
975.790000
974.900000
973.800000
972.690000
971.590000
970.940000
970.290000
969.640000
969.300000
968.960000
968.630000
968.370000
968.110000
967.850000
967.710000
967.570000
967.430000
967.550000
967.670000
967.790000
968.220000
968.650000
969.080000
969.030000
968.990000
968.950000
968.510000
968.070000
967.630000
967.460000
967.290000
967.110000
967.410000
967.710000
968.010000
967.760000
967.520000
967.270000
967.120000
966.960000
966.810000
966.660000
966.510000
966.360000
966.770000
967.180000
967.590000
967.530000
967.470000
967.410000
966.900000
966.400000
965.890000
966.030000
966.170000
966.310000
967.120000
967.930000
968.740000
968.930000
969.130000
969.320000
969.060000
968.790000
968.530000
968.460000
968.400000
968.340000
968.770000
969.210000
969.650000
969.840000
970.020000
970.210000
970.130000
970.060000
969.980000
970.320000
970.660000
971.000000
971.320000
971.640000
971.960000
971.820000
971.670000
971.530000
971.100000
970.670000
970.240000
970.050000
969.850000
969.660000
969.820000
969.970000
970.130000
969.900000
969.670000
969.450000
968.820000
968.190000
967.560000
967.310000
967.070000
966.820000
966.430000
966.040000
965.650000
965.290000
964.930000
964.570000
964.200000
963.830000
963.460000
963.660000
963.860000
964.060000
964.410000
964.760000
965.120000
965.310000
965.500000
965.700000
965.670000
965.650000
965.620000
965.890000
966.160000
966.430000
966.490000
966.560000
966.620000
966.460000
966.300000
966.140000
966.080000
966.020000
965.950000
965.740000
965.530000
965.320000
965.330000
965.340000
965.350000
964.800000
964.250000
963.700000
962.900000
962.110000
961.310000
961.240000
961.160000
961.090000
961.640000
962.180000
962.730000
963.100000
963.480000
963.850000
964.380000
964.910000
965.440000
966.070000
966.710000
967.350000
968.310000
969.280000
970.250000
970.660000
971.080000
971.500000
971.690000
971.880000
972.070000
972.810000
973.560000
974.310000
975.500000
976.700000
977.890000
978.070000
978.240000
978.420000
978.690000
978.960000
979.230000
979.530000
979.830000
980.130000
980.170000
980.210000
980.250000
979.980000
979.720000
979.450000
978.630000
977.810000
976.990000
976.530000
976.070000
975.610000
975.190000
974.770000
974.360000
973.780000
973.200000
972.620000
972.170000
971.730000
971.280000
970.710000
970.140000
969.570000
969.000000
968.430000
967.850000
967.150000
966.450000
965.740000
964.620000
963.490000
962.360000
962.150000
961.930000
961.710000
961.840000
961.960000
962.080000
962.030000
961.990000
961.940000
961.650000
961.360000
961.070000
961.030000
960.990000
960.940000
961.580000
962.230000
962.870000
962.820000
962.780000
962.740000
962.320000
961.910000
961.490000
961.670000
961.850000
962.030000
962.790000
963.550000
964.310000
964.270000
964.220000
964.180000
963.460000
962.730000
962.010000
960.970000
959.930000
958.880000
959.510000
960.130000
960.760000
959.940000
959.120000
958.300000
957.180000
956.050000
954.930000
954.720000
954.510000
954.300000
954.360000
954.420000
954.480000
954.160000
953.850000
953.530000
953.500000
953.470000
953.440000
953.630000
953.820000
954.020000
954.150000
954.280000
954.420000
955.010000
955.600000
956.190000
956.790000
957.400000
958.000000
958.970000
959.940000
960.900000
961.090000
961.280000
961.460000
962.330000
963.190000
964.060000
965.030000
965.990000
966.960000
967.950000
968.930000
969.920000
970.780000
971.630000
972.490000
972.770000
973.040000
973.320000
973.160000
973.000000
972.840000
972.900000
972.970000
973.030000
973.030000
973.030000
973.030000
972.990000
972.950000
972.910000
972.660000
972.410000
972.150000
972.130000
972.120000
972.100000
971.990000
971.880000
971.780000
971.740000
971.710000
971.670000
971.540000
971.410000
971.270000
971.890000
972.510000
973.130000
973.700000
974.270000
974.840000
975.320000
975.800000
976.280000
976.960000
977.640000
978.330000
979.310000
980.290000
981.270000
982.300000
983.320000
984.350000
984.800000
985.260000
985.710000
985.750000
985.800000
985.840000
986.080000
986.320000
986.570000
986.840000
987.110000
987.380000
987.420000
987.460000
987.500000
987.180000
986.850000
986.520000
986.220000
985.920000
985.620000
985.360000
985.100000
984.840000
983.890000
982.950000
982.000000
980.770000
979.540000
978.310000
977.940000
977.580000
977.220000
977.100000
976.970000
976.850000
977.240000
977.630000
978.020000
978.700000
979.390000
980.080000
980.710000
981.330000
981.960000
982.870000
983.780000
984.690000
985.190000
985.690000
986.190000
985.930000
985.670000
985.410000
985.470000
985.530000
985.580000
985.710000
985.840000
985.970000
985.940000
985.900000
985.870000
985.570000
985.270000
984.970000
984.490000
984.010000
983.540000
983.140000
982.730000
982.330000
981.630000
980.930000
980.230000
979.180000
978.120000
977.070000
976.570000
976.070000
975.570000
974.850000
974.130000
973.410000
972.910000
972.410000
971.920000
971.410000
970.910000
970.410000
970.060000
969.710000
969.350000
968.860000
968.370000
967.880000
967.410000
966.940000
966.460000
965.700000
964.940000
964.170000
964.090000
964.010000
963.930000
963.670000
963.400000
963.140000
963.370000
963.600000
963.830000
964.390000
964.950000
965.510000
966.220000
966.930000
967.640000
968.410000
969.170000
969.940000
970.310000
970.690000
971.060000
970.780000
970.510000
970.230000
970.520000
970.810000
971.100000
971.130000
971.160000
971.200000
971.040000
970.880000
970.710000
970.400000
970.080000
969.760000
969.560000
969.360000
969.160000
968.990000
968.820000
968.650000
968.450000
968.250000
968.050000
968.010000
967.960000
967.920000
968.950000
969.990000
971.020000
972.280000
973.540000
974.800000
975.790000
976.770000
977.760000
978.540000
979.320000
980.100000
980.770000
981.440000
982.110000
983.010000
983.910000
984.810000
984.930000
985.050000
985.170000
984.790000
984.420000
984.050000
984.480000
984.910000
985.350000
985.440000
985.540000
985.640000
985.770000
985.910000
986.050000
986.310000
986.570000
986.840000
986.950000
987.070000
987.180000
987.410000
987.630000
987.860000
987.940000
988.030000
988.110000
987.570000
987.030000
986.490000
986.480000
986.480000
986.470000
986.560000
986.650000
986.740000
986.600000
986.460000
986.320000
986.320000
986.310000
986.310000
986.260000
986.210000
986.170000
986.050000
985.930000
985.820000
985.320000
984.830000
984.340000
983.320000
982.300000
981.280000
980.930000
980.570000
980.220000
979.690000
979.160000
978.640000
978.020000
977.410000
976.800000
976.180000
975.560000
974.940000
974.130000
973.330000
972.520000
971.530000
970.550000
969.560000
968.540000
967.520000
966.500000
965.320000
964.130000
962.950000
962.620000
962.290000
961.960000
961.690000
961.420000
961.150000
960.750000
960.360000
959.960000
959.620000
959.280000
958.940000
958.520000
958.100000
957.680000
958.050000
958.410000
958.780000
958.660000
958.540000
958.420000
958.360000
958.300000
958.240000
958.790000
959.340000
959.890000
960.770000
961.650000
962.530000
963.040000
963.550000
964.070000
964.660000
965.250000
965.840000
966.440000
967.040000
967.640000
968.390000
969.150000
969.900000
970.110000
970.320000
970.530000
970.570000
970.600000
970.640000
971.140000
971.640000
972.140000
972.770000
973.390000
974.020000
974.500000
974.970000
975.440000
975.630000
975.830000
976.020000
976.330000
976.650000
976.960000
977.530000
978.090000
978.660000
978.730000
978.810000
978.880000
978.700000
978.520000
978.340000
978.740000
979.130000
979.530000
979.800000
980.080000
980.360000
980.400000
980.450000
980.490000
980.580000
980.680000
980.780000
980.590000
980.400000
980.210000
980.340000
980.460000
980.580000
980.300000
980.010000
979.730000
979.350000
978.980000
978.600000
978.910000
979.210000
979.520000
979.450000
979.370000
979.300000
979.380000
979.460000
979.550000
979.600000
979.660000
979.710000
979.610000
979.510000
979.420000
979.320000
979.230000
979.140000
978.940000
978.740000
978.540000
977.930000
977.310000
976.700000
976.720000
976.750000
976.780000
976.720000
976.650000
976.580000
976.350000
976.120000
975.880000
975.760000
975.640000
975.520000
975.210000
974.890000
974.580000
974.510000
974.450000
974.390000
974.110000
973.830000
973.550000
972.880000
972.200000
971.520000
971.580000
971.640000
971.700000
971.820000
971.940000
972.070000
972.220000
972.370000
972.530000
972.680000
972.830000
972.980000
973.050000
973.110000
973.180000
973.740000
974.310000
974.870000
975.070000
975.260000
975.460000
975.190000
974.920000
974.660000
975.110000
975.560000
976.010000
976.470000
976.920000
977.380000
977.620000
977.850000
978.080000
978.230000
978.390000
978.540000
978.570000
978.590000
978.620000
978.880000
979.140000
979.400000
979.410000
979.420000
979.430000
978.960000
978.490000
978.020000
977.940000
977.860000
977.780000
977.420000
977.060000
976.700000
976.410000
976.120000
975.840000
975.690000
975.540000
975.400000
975.130000
974.870000
974.610000
974.380000
974.160000
973.930000
973.520000
973.100000
972.690000
971.970000
971.260000
970.540000
970.570000
970.600000
970.630000
970.540000
970.450000
970.360000
970.470000
970.580000
970.690000
970.810000
970.930000
971.050000
971.110000
971.170000
971.230000
971.620000
972.010000
972.400000
972.450000
972.500000
972.550000
972.090000
971.640000
971.180000
971.290000
971.410000
971.520000
971.240000
970.970000
970.690000
970.640000
970.600000
970.550000
970.540000
970.540000
970.530000
970.430000
970.340000
970.240000
970.560000
970.880000
971.190000
971.070000
970.950000
970.830000
970.420000
970.020000
969.610000
969.900000
970.180000
970.470000
970.520000
970.580000
970.630000
970.520000
970.400000
970.290000
970.270000
970.240000
970.220000
970.280000
970.330000
970.380000
970.400000
970.410000
970.420000
970.620000
970.830000
971.040000
971.100000
971.170000
971.230000
971.750000
972.260000
972.780000
972.970000
973.170000
973.360000
973.360000
973.370000
973.370000
973.400000
973.420000
973.450000
973.590000
973.730000
973.880000
974.280000
974.680000
975.090000
975.310000
975.530000
975.760000
975.700000
975.650000
975.590000
976.080000
976.570000
977.060000
977.180000
977.290000
977.410000
977.780000
978.150000
978.510000
978.850000
979.190000
979.530000
979.610000
979.700000
979.780000
979.880000
979.990000
980.090000
979.870000
979.660000
979.440000
978.660000
977.870000
977.080000
976.910000
976.730000
976.560000
975.880000
975.210000
974.530000
974.110000
973.690000
973.270000
972.740000
972.220000
971.690000
971.440000
971.180000
970.920000
970.460000
970.000000
969.540000
969.210000
968.870000
968.540000
967.910000
967.290000
966.660000
966.610000
966.550000
966.500000
966.050000
965.610000
965.160000
964.990000
964.810000
964.640000
964.630000
964.620000
964.610000
964.580000
964.550000
964.520000
964.890000
965.260000
965.620000
965.580000
965.530000
965.480000
965.350000
965.220000
965.080000
965.890000
966.700000
967.500000
967.600000
967.700000
967.790000
968.220000
968.640000
969.060000
969.630000
970.210000
970.780000
971.260000
971.740000
972.220000
972.930000
973.640000
974.340000
974.870000
975.400000
975.920000
975.590000
975.260000
974.930000
975.490000
976.050000
976.610000
976.780000
976.950000
977.130000
977.250000
977.370000
977.480000
977.310000
977.140000
976.970000
976.810000
976.650000
976.490000
976.460000
976.430000
976.390000
976.020000
975.650000
975.270000
974.570000
973.860000
973.150000
972.990000
972.830000
972.670000
971.770000
970.880000
969.980000
969.600000
969.220000
968.840000
968.340000
967.850000
967.360000
966.800000
966.230000
965.670000
965.200000
964.740000
964.270000
964.230000
964.190000
964.150000
964.070000
964.000000
963.920000
964.720000
965.520000
966.320000
967.030000
967.730000
968.440000
969.010000
969.590000
970.170000
970.470000
970.770000
971.080000
971.340000
971.600000
971.870000
972.270000
972.670000
973.070000
972.780000
972.480000
972.180000
971.790000
971.390000
971.000000
971.430000
971.860000
972.290000
972.760000
973.220000
973.690000
974.100000
974.500000
974.900000
975.140000
975.380000
975.620000
975.950000
976.280000
976.620000
976.910000
977.210000
977.510000
977.910000
978.310000
978.700000
978.670000
978.640000
978.610000
979.030000
979.450000
979.880000
980.210000
980.540000
980.880000
980.920000
980.970000
981.010000
981.020000
981.020000
981.020000
980.800000
980.580000
980.350000
980.260000
980.160000
980.070000
979.590000
979.120000
978.650000
977.750000
976.840000
975.930000
975.480000
975.020000
974.570000
974.080000
973.600000
973.120000
972.780000
972.430000
972.090000
971.560000
971.030000
970.500000
970.080000
969.670000
969.250000
969.430000
969.610000
969.790000
969.550000
969.300000
969.060000
968.620000
968.190000
967.750000
968.240000
968.730000
969.220000
970.030000
970.850000
971.660000
972.260000
972.860000
973.470000
973.850000
974.230000
974.620000
974.930000
975.250000
975.560000
976.100000
976.630000
977.160000
977.370000
977.580000
977.800000
976.980000
976.170000
975.350000
975.760000
976.170000
976.570000
976.870000
977.170000
977.460000
977.800000
978.140000
978.480000
979.020000
979.550000
980.090000
980.440000
980.790000
981.140000
981.800000
982.460000
983.120000
983.080000
983.030000
982.980000
982.540000
982.110000
981.670000
981.490000
981.300000
981.120000
980.940000
980.760000
980.580000
980.190000
979.800000
979.400000
978.570000
977.730000
976.890000
975.730000
974.560000
973.400000
971.900000
970.390000
968.880000
967.510000
966.150000
964.780000
962.770000
960.760000
958.760000
958.000000
957.250000
956.490000
956.400000
956.310000
956.220000
956.840000
957.470000
958.090000
959.280000
960.470000
961.660000
962.890000
964.110000
965.330000
966.080000
966.830000
967.580000
968.390000
969.200000
970.010000
970.230000
970.450000
970.670000
970.990000
971.310000
971.640000
971.740000
971.850000
971.950000
972.150000
972.360000
972.560000
972.650000
972.750000
972.840000
972.940000
973.040000
973.140000
973.530000
973.920000
974.310000
974.640000
974.970000
975.310000
975.220000
975.140000
975.050000
975.450000
975.850000
976.260000
976.350000
976.450000
976.550000
976.870000
977.180000
977.490000
977.570000
977.650000
977.730000
978.060000
978.390000
978.720000
978.920000
979.110000
979.310000
979.300000
979.290000
979.290000
978.640000
977.990000
977.340000
977.380000
977.420000
977.460000
977.150000
976.850000
976.540000
976.290000
976.040000
975.790000
975.540000
975.290000
975.030000
974.450000
973.880000
973.300000
972.780000
972.260000
971.750000
971.220000
970.700000
970.170000
969.300000
968.430000
967.550000
967.160000
966.780000
966.390000
966.190000
966.000000
965.800000
965.990000
966.180000
966.370000
966.780000
967.190000
967.600000
968.240000
968.880000
969.520000
970.020000
970.530000
971.030000
971.100000
971.170000
971.250000
970.160000
969.070000
967.980000
967.420000
966.860000
966.300000
965.960000
965.630000
965.290000
964.800000
964.310000
963.830000
964.530000
965.230000
965.930000
967.390000
968.850000
970.310000
971.710000
973.120000
974.530000
975.840000
977.160000
978.470000
978.920000
979.370000
979.820000
980.660000
981.490000
982.330000
982.880000
983.420000
983.970000
984.860000
985.740000
986.630000
987.280000
987.920000
988.570000
988.980000
989.390000
989.800000
990.530000
991.250000
991.980000
992.190000
992.400000
992.610000
992.020000
991.420000
990.820000
990.580000
990.330000
990.080000
989.690000
989.300000
988.910000
988.430000
987.950000
987.460000
986.870000
986.280000
985.680000
985.050000
984.420000
983.790000
983.550000
983.310000
983.070000
982.810000
982.540000
982.280000
981.670000
981.060000
980.450000
980.420000
980.390000
980.350000
979.760000
979.160000
978.560000
978.200000
977.850000
977.490000
977.100000
976.720000
976.340000
976.010000
975.680000
975.350000
975.440000
975.540000
975.630000
975.660000
975.700000
975.740000
975.430000
975.120000
974.800000
975.120000
975.430000
975.750000
975.530000
975.310000
975.090000
975.130000
975.170000
975.210000
975.100000
974.990000
974.870000
974.790000
974.710000
974.630000
974.620000
974.620000
974.610000
974.570000
974.530000
974.490000
974.190000
973.880000
973.580000
973.950000
974.320000
974.700000
974.920000
975.140000
975.360000
975.680000
976.000000
976.330000
976.600000
976.870000
977.140000
977.520000
977.900000
978.280000
978.630000
978.990000
979.340000
979.430000
979.510000
979.600000
979.110000
978.610000
978.110000
978.110000
978.100000
978.090000
977.650000
977.210000
976.770000
976.320000
975.880000
975.430000
974.860000
974.280000
973.710000
973.060000
972.410000
971.760000
971.870000
971.990000
972.100000
972.650000
973.200000
973.740000
974.120000
974.500000
974.870000
975.460000
976.050000
976.640000
976.800000
976.960000
977.120000
977.190000
977.250000
977.320000
977.160000
977.000000
976.840000
976.480000
976.130000
975.780000
975.490000
975.210000
974.920000
974.550000
974.170000
973.800000
973.050000
972.300000
971.550000
971.190000
970.820000
970.450000
970.030000
969.600000
969.170000
969.140000
969.100000
969.060000
969.000000
968.930000
968.860000
969.010000
969.170000
969.330000
969.980000
970.640000
971.290000
971.470000
971.660000
971.840000
971.700000
971.560000
971.420000
971.550000
971.670000
971.800000
972.050000
972.300000
972.560000
972.300000
972.050000
971.800000
971.450000
971.110000
970.760000
970.510000
970.250000
970.000000
970.050000
970.100000
970.150000
969.630000
969.100000
968.580000
967.690000
966.790000
965.900000
965.860000
965.830000
965.790000
965.940000
966.090000
966.240000
966.470000
966.710000
966.950000
967.230000
967.510000
967.780000
968.080000
968.380000
968.680000
969.520000
970.370000
971.210000
971.310000
971.410000
971.510000
970.860000
970.210000
969.560000
969.160000
968.770000
968.380000
967.380000
966.380000
965.380000
964.400000
963.420000
962.440000
961.550000
960.670000
959.790000
958.790000
957.790000
956.790000
955.410000
954.030000
952.650000
951.620000
950.590000
949.570000
948.580000
947.600000
946.620000
946.160000
945.700000
945.240000
946.620000
948.000000
949.380000
950.080000
950.770000
951.470000
952.520000
953.560000
954.610000
955.560000
956.510000
957.470000
958.660000
959.850000
961.030000
961.820000
962.610000
963.390000
963.790000
964.180000
964.580000
965.240000
965.900000
966.550000
967.060000
967.570000
968.080000
968.110000
968.140000
968.180000
968.320000
968.470000
968.620000
969.120000
969.620000
970.120000
971.500000
972.880000
974.250000
974.920000
975.590000
976.260000
976.430000
976.600000
976.770000
977.180000
977.590000
978.000000
978.310000
978.610000
978.920000
978.960000
979.010000
979.050000
979.100000
979.140000
979.180000
979.370000
979.550000
979.730000
980.520000
981.320000
982.110000
983.020000
983.930000
984.840000
985.010000
985.180000
985.350000
985.760000
986.170000
986.580000
987.030000
987.470000
987.920000
987.950000
987.980000
988.010000
987.910000
987.810000
987.720000
987.460000
987.200000
986.940000
986.570000
986.200000
985.830000
985.280000
984.720000
984.160000
983.020000
981.870000
980.730000
979.900000
979.080000
978.250000
977.530000
976.810000
976.090000
975.500000
974.910000
974.310000
973.460000
972.610000
971.760000
971.100000
970.440000
969.780000
969.580000
969.380000
969.180000
969.040000
968.910000
968.770000
968.470000
968.160000
967.860000
968.520000
969.190000
969.860000
970.680000
971.510000
972.340000
972.870000
973.410000