0.000000
0.000000
0.000000
0.000000
0.000000
0.000000
0.000000
0.000000
34.238000
115.693000
290.070000
237.205000
187.530000
254.930000
277.640000
198.360000
68.250000
0.563000
0.000000
0.000000
0.000000
0.000000
0.000000
0.000000
0.000000
0.000000
0.000000
0.000000
0.000000
0.000000
0.000000
0.038000
53.682000
197.315000
392.945000
432.635000
363.535000
407.220000
316.505000
195.790000
54.672000
0.304000
0.000000
0.000000
0.000000
0.000000
0.000000
0.000000
0.301000
0.000000
0.053000
0.124000
0.000000
0.000000
0.000000
0.393000
13.653000
44.231000
72.800000
72.199000
40.822000
45.959000
35.567000
23.600000
6.990000
0.000000
0.000000
0.000000
0.000000
0.000000
0.000000
0.000000
0.000000
0.000000
0.000000
0.000000
0.000000
0.000000
0.000000
0.000000
39.410000
220.650000
335.570000
448.590000
394.830000
415.920000
319.120000
131.055000
41.962000
1.119000
0.000000
0.000000
0.000000
0.000000
0.000000
0.000000
0.000000
0.000000
0.000000
0.000000
0.000000
0.000000
0.000000
0.464000
69.609000
224.195000
364.655000
456.200000
467.000000
458.050000
369.120000
233.300000
80.887000
1.834000
0.000000
0.000000
0.000000
0.000000
0.000000
0.000000
0.000000
0.000000
0.000000
0.000000
0.000000
0.000000
0.000000
0.408000
35.455000
166.870000
211.375000
438.020000
406.515000
370.845000
357.020000
226.835000
77.165000
1.701000
0.000000
0.000000
0.000000
0.000000
0.000000
0.000000
0.000000
0.000000
0.000000
0.000000
0.000000
0.000000
0.000000
0.472000
49.867000
113.213000
183.085000
172.070000
139.675000
136.300000
102.139000
133.085000
62.680000
1.659000
0.000000
0.000000
0.000000
0.000000
0.000000
0.000000
0.000000
0.000000
0.000000
0.000000
0.000000
0.089000
0.201000
1.933000
22.430000
63.211000
123.775000
236.280000
415.590000
440.215000
362.205000
231.585000
95.473000
4.761000
0.000000
0.000000
0.000000
0.000000
0.000000
0.000000
0.000000
0.000000
0.000000
0.441000
0.000000
0.000000
0.000000
0.673000
53.034000
105.753000
201.615000
212.265000
343.320000
198.140000
183.205000
58.143000
11.274000
0.029000
0.000000
0.000000
0.000000
0.000000
0.000000
0.000000
0.000000
0.000000
0.000000
0.000000
0.000000
0.000000
0.000000
1.175000
40.859000
226.485000
371.120000
479.100000
447.750000
476.785000
388.590000
236.060000
72.641000
3.429000
0.000000
0.000000
0.000000
0.000000
0.042000
0.000000
0.000000
0.000000
0.000000
0.000000
0.000000
0.000000
0.000000
0.513000
71.784000
226.780000
375.405000
443.335000
410.785000
245.450000
319.450000
114.585000
59.083000
1.983000
0.000000
0.000000
0.000000
0.000000
0.000000
0.000000
0.000000
0.000000
0.157000
0.005000
0.000000
0.000000
0.000000
0.562000
54.905000
235.450000
179.800000
257.300000
211.830000
128.995000
84.229000
62.245000
30.241000
2.097000
0.000000
0.000000
0.000000
0.000000
0.000000
0.000000
0.000000
0.000000
0.000000
0.000000
0.000000
0.000000
0.000000
1.324000
76.251000
227.070000
382.295000
436.480000
274.315000
216.255000
131.395000
85.389000
24.669000
3.407000
0.307000
0.000000
0.267000
1.047000
0.000000
0.000000
0.000000
0.000000
0.000000
0.000000
0.000000
0.000000
0.000000
0.500000
57.793000
220.405000
379.960000
478.930000
452.300000
403.365000
385.110000
245.465000
66.569000
3.599000
0.000000
0.000000
0.000000
0.000000
0.000000
0.000000
0.000000
0.000000
0.000000
0.000000
0.000000
0.000000
0.000000
1.117000
87.811000
244.805000
397.825000
497.050000
535.065000
508.395000
417.795000
275.960000
112.425000
4.003000
0.000000
0.000000
0.000000
0.000000
0.000000
0.000000
0.000000
0.000000
0.000000
0.000000
0.000000
0.000000
0.018000
1.368000
38.882000
135.545000
239.390000
459.625000
520.696000
488.770000
401.370000
265.620000
106.796000
6.812000
0.000000
0.000000
0.000000
0.000000
0.000000
0.000000
0.000000
0.000000
0.572000
0.000000
0.000000
0.159000
0.000000
1.094000
73.124000
134.478000
307.645000
261.221000
471.800000
455.660000
268.745000
146.835000
121.390000
8.834000
0.000000
0.000000
0.000000
0.000000
0.000000
0.000000
0.000000
0.000000
0.000000
0.000000
0.000000
0.000000
0.000000
1.122000
80.501000
235.890000
378.805000
466.535000
494.085000
414.560000
282.915000
210.390000
78.380000
4.188000
0.000000
0.000000
0.000000
0.000000
0.000000
0.000000
0.000000
0.000000
0.000000
0.000000
0.000000
0.000000
0.000000
1.113000
24.970000
64.684000
103.151000
143.570000
149.390000
147.365000
85.591000
34.973000
13.076000
1.853000
0.000000
0.000000
0.000000
0.000000
0.000000
0.000000
0.000000
0.000000
0.000000
0.000000
0.000000
0.000000
0.000000
0.392000
14.801000
48.775000
88.949000
153.660000
227.255000
271.695000
403.350000
287.505000
124.587000
9.485000
0.000000
0.000000
0.000000
0.000000
0.000000
0.000000
0.000000
0.000000
0.000000
0.000000
0.000000
0.000000
0.000000
3.119000
98.501000
245.420000
396.055000
493.170000
527.960000
504.390000
422.845000
287.315000
120.342000
5.325000
0.000000
0.000000
0.000000
0.000000
0.000000
0.000000
0.000000
0.000000
0.000000
0.000000
0.000000
0.000000
0.000000
2.514000
89.349000
251.980000
400.735000
497.815000
530.085000
485.030000
377.045000
270.175000
55.315000
7.653000
0.000000
0.000000
0.000000
0.000000
0.000000
0.000000
0.000000
0.000000
0.000000
0.000000
0.000000
0.000000
0.000000
1.057000
29.000000
96.380000
146.580000
111.535000
142.370000
70.516000
80.122000
84.947000
42.754000
2.298000
0.000000
0.000000
0.000000
0.000000
0.000000
0.000000
0.000000
0.000000
0.000000
0.000000
0.000000
0.000000
0.000000
2.822000
93.244000
260.835000
401.855000
523.505000
491.800000
482.200000
249.360000
105.337000
28.164000
3.748000
0.000000
0.000000
0.000000
0.000000
0.000000
0.000000
0.000000
0.000000
0.000000
0.000000
0.000000
0.000000
0.000000
1.963000
84.688000
284.290000
393.920000
440.000000
476.000000
492.000000
344.000000
211.105000
107.586000
10.136000
0.000000
0.000000
0.000000
0.002000
0.000000
0.000000
0.000000
0.000000
0.000000
0.000000
0.000000
0.000000
0.000000
1.754000
62.454000
145.995000
246.795000
362.425000
346.175000
368.010000
303.415000
213.025000
98.314000
14.391000
0.000000
0.000000
0.000000
0.000000
0.000000
0.647000
0.000000
0.000000
0.000000
0.000000
0.079000
0.000000
0.000000
2.465000
47.426000
101.487000
189.000000
350.000000
308.000000
509.075000
417.770000
259.096000
137.455000
16.077000
0.000000
0.000000
0.000000
0.000000
0.000000
0.000000
0.000000
0.000000
0.000000
0.000000
0.000000
0.000000
0.000000
9.896000
86.000000
262.330000
409.000000
534.465000
528.750000
497.755000
342.600000
330.935000
157.580000
19.670000
0.000000
0.000000
0.000000
0.000000
0.000000
0.000000
0.000000
0.000000
0.000000
0.000000
0.000000
0.000000
0.000000
3.383000
75.619000
232.260000
405.725000
535.870000
566.155000
557.870000
468.090000
299.645000
166.190000
24.161000
0.000000
0.000000
0.000000
0.000000
0.000000
0.000000
0.000000
0.000000
0.000000
0.000000
0.000000
0.000000
0.536000
2.279000
50.352000
132.164000
256.745000
171.590000
265.255000
353.480000
305.065000
332.560000
149.960000
15.064000
0.000000
0.000000
0.000000
0.000000
0.000000
0.000000
0.000000
0.000000
0.000000
0.000000
0.000000
0.000000
0.000000
1.799000
71.640000
278.515000
437.835000
540.645000
582.180000
560.110000
474.935000
334.650000
161.135000
22.899000
0.000000
0.000000
0.000000
0.000000
0.000000
0.000000
0.000000
0.000000
0.000000
0.000000
0.000000
0.000000
0.000000
1.669000
49.138000
129.030000
295.515000
473.500000
588.850000
550.390000
462.625000
346.475000
170.265000
22.141000
0.000000
0.000000
0.000000
0.000000
0.000000
0.000000
0.000000
0.000000
0.000000
0.000000
0.000000
0.000000
0.000000
7.076000
114.045000
292.065000
444.675000
546.730000
586.045000
565.680000
484.000000
346.710000
175.645000
27.300000
0.000000
0.000000
0.000000
0.000000
0.000000
0.000000
0.000000
0.000000
0.000000
0.000000
0.000000
0.000000
0.000000
10.103000
81.828000
184.575000
350.815000
410.510000
485.560000
592.835000
497.040000
356.780000
181.815000
31.817000
0.000000
0.000000
0.000000
0.000000
0.000000
0.000000
0.000000
0.000000
0.000000
0.000000
0.884000
0.000000
0.000000
12.427000
124.000000
306.355000
416.430000
548.925000
592.050000
570.670000
488.005000
342.970000
178.845000
21.601000
0.000000
0.000000
0.000000
0.000000
0.000000
0.000000
0.000000
0.000000
0.000000
0.000000
0.000000
0.000000
0.000000
9.085000
123.566000
305.455000
447.000000
564.670000
607.350000
583.910000
497.090000
356.570000
180.740000
32.376000
0.000000
0.000000
0.000000
0.000000
0.000000
0.000000
0.000000
0.000000
0.000000
0.000000
0.000000
0.000000
0.000000
10.272000
70.248000
247.720000
416.000000
498.970000
484.180000
383.280000
491.990000
295.045000
135.610000
28.175000
0.000000
0.000000
0.000000
0.000000
0.000000
0.000000
0.000000
0.000000
0.000000
0.000000
0.000000
0.000000
0.000000
10.356000
128.023000
307.185000
462.750000
564.935000
597.655000
580.470000
463.445000
379.950000
175.660000
16.611000
0.000000
0.000000
0.000000
0.000000
0.000000
0.000000
0.000000
0.000000
0.000000
0.000000
0.000000
0.000000
0.000000
6.438000
85.941000
284.595000
446.280000
392.560000
283.465000
354.665000
225.600000
180.385000
67.497000
3.813000
0.182000
0.188000
0.000000
0.000000
0.000000
0.086000
0.000000
0.000000
0.000000
0.000000
0.000000
0.173000
0.406000
4.957000
17.940000
29.588000
64.615000
173.025000
310.315000
287.080000
453.475000
315.130000
48.785000
9.547000
0.000000
0.000000
0.000000
0.000000
0.000000
0.000000
0.000000
0.000000
0.000000
0.000000
0.000000
0.000000
0.000000
15.320000
155.270000
303.165000
463.980000
580.060000
593.355000
455.170000
470.295000
307.935000
177.135000
37.056000
0.000000
0.000000
0.000000
0.000000
0.000000
0.000000
0.000000
0.000000
0.000000
0.000000
0.000000
0.000000
0.000000
4.852000
49.800000
98.160000
144.640000
178.325000
291.660000
577.705000
527.595000
388.950000
214.495000
51.684000
0.000000
0.000000
0.000000
0.000000
0.000000
0.000000
0.000000
0.000000
0.000000
0.000000
0.000000
0.000000
0.000000
18.559000
159.895000
345.790000
458.055000
543.610000
568.405000
620.705000
474.435000
244.000000
189.455000
46.690000
0.000000
0.000000
0.000000
0.000000
0.000000
0.000000
0.000000
0.506000
0.000000
0.000000
0.000000
0.000000
0.000000
0.728000
9.219000
63.822000
167.000000
212.000000
285.000000
341.000000
364.000000
357.000000
147.259000
29.059000
0.054000
0.000000
0.000000
0.000000
0.000000
0.000000
0.000000
0.000000
0.000000
0.000000
0.000000
0.000000
0.000000
29.000000
131.690000
222.000000
454.000000
593.965000
584.400000
443.000000
383.000000
331.000000
223.740000
65.853000
0.000000
0.000000
0.000000
0.000000
0.034000
0.000000
2.348000
37.819000
0.000000
0.000000
0.000000
0.000000
0.000000
16.234000
120.762000
371.870000
527.815000
625.600000
683.060000
674.490000
561.490000
421.465000
244.505000
66.634000
0.000000
0.000000
0.000000
0.000000
0.000000
0.000000
0.000000
0.000000
0.000000
0.000000
0.000000
0.000000
0.000000
23.550000
178.560000
374.955000
534.450000
647.155000
696.260000
704.835000
594.000000
427.220000
239.780000
62.806000
0.000000
0.000000
0.000000
0.000000
0.000000
0.000000
0.000000
0.000000
0.000000
0.000000
0.000000
0.000000
0.000000
19.816000
148.875000
272.070000
254.430000
279.720000
247.610000
274.395000
292.825000
374.860000
216.045000
69.089000
0.000000
0.000000
0.000000
0.000000
0.000000
0.000000
0.000000
0.000000
0.000000
0.000000
0.000000
0.000000
0.000000
5.334000
34.555000
110.340000
147.700000
374.500000
396.675000
538.145000
592.870000
448.450000
262.145000
76.993000
0.000000
0.000000
0.000000
0.000000
0.000000
0.000000
0.000000
0.000000
0.000000
0.000000
0.000000
0.000000
0.000000
27.774000
189.490000
380.595000
535.105000
636.355000
677.436000
627.000000
574.985000
431.550000
248.095000
65.841000
0.000000
0.000000
0.000000
0.000000
0.000000
0.000000
0.000000
0.000000
0.000000
0.000000
0.000000
0.000000
0.000000
9.505000
120.477000
212.435000
269.900000
312.945000
290.115000
444.525000
354.910000
298.315000
187.565000
58.361000
0.000000
0.000000
0.000000
0.000000
0.000000
0.000000
0.000000
0.000000
0.000000
0.000000
0.000000
0.000000
0.000000
34.358000
205.925000
357.030000
523.530000
620.306000
666.045000
677.410000
589.420000
455.370000
272.620000
84.029000
0.824000
0.000000
0.000000
0.000000
0.000000
0.000000
0.000000
0.000000
0.000000
0.000000
0.000000
0.000000
0.000000
38.500000
206.290000
390.440000
531.710000
633.735000
678.500000
651.165000
578.645000
426.755000
209.770000
51.416000
0.440000
0.000000
0.000000
0.000000
0.000000
0.000000
0.000000
0.000000
0.000000
0.000000
0.000000
0.000000
0.000000
34.884000
202.125000
397.030000
550.270000
639.845000
541.515000
403.580000
536.460000
475.520000
132.320000
34.875000
0.435000
0.000000
0.000000
0.000000
0.000000
0.000000
0.000000
0.000000
0.000000
0.000000
0.000000
0.000000
0.000000
31.956000
199.595000
379.750000
547.175000
636.385000
674.985000
654.185000
567.975000
422.765000
254.380000
74.047000
1.202000
0.000000
0.000000
0.000000
0.000000
0.285000
0.000000
0.000000
0.000000
0.000000
0.000000
0.000000
0.000000
48.955000
218.260000
374.160000
545.935000
644.895000
692.285000
655.795000
445.060000
315.575000
172.980000
67.733000
0.859000
0.000000
0.000000
0.000000
0.000000
0.000000
0.000000
0.000000
0.000000
0.063000
0.175000
0.000000
0.000000
12.545000
36.998000
36.873000
46.385000
88.295000
317.200000
185.970000
87.584000
113.910000
192.280000
71.954000
1.156000
0.000000
0.000000
0.000000
0.000000
0.000000
0.000000
0.000000
0.000000
0.000000
0.000000
0.000000
0.000000
28.395000
130.034000
264.000000
367.110000
338.750000
292.760000
302.275000
150.590000
108.228000
82.197000
17.363000
1.115000
0.000000
0.000000
0.000000
0.000000
0.000000
0.000000
0.000000
0.000000
0.000000
0.000000
0.000000
0.000000
29.269000
147.615000
246.920000
498.905000
725.865000
764.900000
737.180000
651.790000
501.670000
305.100000
102.102000
2.465000
0.000000
0.000000
0.000000
0.000000
0.000000
0.000000
0.000000
0.000000
0.000000
0.000000
0.000000
0.000000
73.705000
275.100000
479.875000
646.135000
753.865000
779.015000
685.580000
557.420000
347.385000
180.065000
60.543000
1.515000
0.000000
0.000000
0.067000
0.000000
0.000000
0.000000
0.000000
0.000000
0.337000
0.000000
0.000000
0.087000
82.714000
202.640000
320.000000
467.000000
681.000000
716.000000
691.000000
532.000000
331.565000
175.190000
84.322000
2.455000
0.000000
0.000000
0.000000
0.000000
0.000000
0.000000
0.000000
0.000000
0.000000
0.000000
0.023000
0.553000
41.191000
150.330000
379.305000
486.000000
638.050000
660.925000
651.085000
622.095000
490.070000
278.095000
88.030000
3.268000
0.000000
0.000000
0.000000
0.000000
0.000000
0.000000
0.000000
0.000000
0.000000
0.000000
0.000000
0.000000
75.708000
253.710000
460.295000
572.185000
647.685000
625.235000
711.210000
603.525000
472.780000
284.530000
80.306000
4.307000
0.000000
0.000000
0.000000
0.000000
0.000000
0.000000
0.000000
0.000000
0.000000
0.000000
0.000000
0.000000
79.703000
223.065000
345.495000
533.305000
671.625000
729.181000
690.070000
635.965000
486.750000
299.130000
99.378000
3.231000
0.000000
0.000000
0.000000
0.000000
0.000000
0.000000
0.000000
0.000000
0.000000
0.000000
0.000000
0.103000
46.666000
145.532000
297.305000
498.515000
682.060000
725.460000
695.965000
533.810000
433.745000
242.860000
84.785000
5.130000
0.000000
0.000000
0.000000
0.000000
0.000000
0.782000
0.000000
0.086000
0.248000
0.432000
0.353000
0.428000
9.145000
17.718000
39.060000
33.022000
57.824000
52.838000
61.477000
52.669000
48.634000
32.511000
10.347000
0.921000
0.030000
0.000000
0.000000
0.000000
0.000000
0.000000
0.000000
0.000000
0.015000
0.009000
0.092000
0.075000
8.772000
45.351000
108.680000
173.465000
300.925000
458.935000
513.730000
241.585000
188.665000
117.316000
36.372000
2.001000
0.000000
0.000000
0.000000
0.000000
0.000000
0.000000
0.000000
0.000000
0.000000
0.000000
0.193000
0.914000
21.303000
52.671000
103.618000
146.345000
200.310000
198.145000
233.670000
203.405000
128.715000
77.456000
45.092000
1.949000
0.000000
0.000000
0.000000
0.000000
0.000000
0.000000
0.000000
0.000000
0.000000
0.000000
0.000000
0.139000
10.917000
38.168000
71.214000
113.766000
129.915000
131.125000
151.075000
168.910000
234.340000
144.165000
78.169000
8.939000
0.000000
0.000000
0.000000
0.000000
0.000000
0.000000
0.000000
0.000000
0.000000
0.000000
0.000000
4.345000
118.248000
325.855000
511.385000
650.590000
735.175000
785.020000
705.660000
619.270000
530.090000
351.555000
145.340000
11.104000
0.000000
0.000000
0.000000
0.000000
0.000000
0.000000
0.000000
0.000000
0.000000
0.000000
0.000000
2.600000
89.717000
294.540000
502.175000
606.970000
699.650000
786.690000
698.395000
417.275000
287.905000
189.185000
64.841000
6.336000
0.000000
0.000000
0.000000
0.000000
0.000000
0.000000
0.000000
0.000000
0.000000
0.000000
0.000000
1.826000
47.678000
251.925000
509.270000
663.610000
752.280000
787.645000
777.835000
688.960000
521.581000
329.435000
136.680000
9.340000
0.000000
0.000000
0.000000
0.000000
0.000000
0.000000
0.000000
0.000000
0.000000
0.000000
0.000000
9.092000
118.000000
333.505000
526.895000
676.760000
768.285000
798.550000
770.755000
679.940000
530.335000
331.295000
138.980000
10.328000
0.000000
0.000000
0.000000
0.000000
0.000000
0.000000
0.000000
0.000000
0.000000
0.000000
0.000000
5.873000
100.487000
184.010000
374.005000
617.915000
609.485000
761.430000
745.910000
554.890000
520.451000
315.360000
131.171000
9.223000
0.000000
0.000000
0.000000
0.000000
0.000000
0.000000
0.000000
0.000000
0.000000
0.000000
0.000000
7.960000
125.798000
327.610000
521.760000
668.205000
761.925000
796.640000
767.060000
677.645000
528.910000
343.210000
142.652000
12.518000
0.000000
0.000000
0.000000
0.000000
0.000000
0.000000
0.000000
0.000000
0.000000
0.000000
0.000000
8.812000
114.030000
261.765000
477.415000
661.245000
756.435000
789.720000
762.625000
675.640000
535.200000
349.145000
146.797000
13.449000
0.000000
0.000000
0.000000
0.000000
0.000000
0.000000
0.000000
0.051000
0.000000
0.000000
0.000000
3.741000
29.456000
163.370000
502.790000
590.300000
751.405000
455.535000
616.330000
626.220000
522.280000
264.740000
136.540000
14.181000
0.000000
0.000000
0.000000
0.000000
0.000000
0.000000
0.000000
0.000000
0.000000
0.000000
0.000000
10.205000
143.602000
349.480000
538.770000
614.170000
732.770000
799.840000
739.655000
635.885000
496.965000
352.675000
143.720000
13.427000
0.000000
0.000000
0.000000
0.000000
0.000000
0.000000
0.000000
0.000000
0.000000
0.000000
0.000000
4.775000
103.908000
351.530000
245.125000
214.235000
225.110000
185.020000
174.055000
106.397000
164.460000
128.665000
76.870000
13.917000
0.000000
0.000000
0.000000
0.000000
0.000000
0.000000
0.000000
0.000000
0.000000
0.000000
0.000000
12.525000
133.335000
332.235000
518.295000
654.855000
752.100000
793.505000
760.030000
666.525000
520.105000
336.805000
138.993000
16.140000
0.000000
0.000000
0.000000
0.000000
0.000000
0.000000
0.000000
0.000000
0.000000
0.000000
0.000000
17.112000
68.339000
235.985000
292.325000
393.880000
461.715000
546.900000
385.865000
262.335000
131.376000
64.405000
32.280000
4.211000
0.000000
0.000000
0.000000
0.000000
0.000000
0.000000
0.000000
0.000000
0.000000
0.000000
0.000000
6.592000
31.286000
26.159000
39.082000
43.318000
99.596000
332.270000
252.675000
151.260000
67.091000
117.057000
179.470000
24.225000
0.000000
0.000000
0.000000
0.000000
0.000000
0.000000
0.000000
0.000000
0.000000
0.000000
0.000000
18.061000
173.900000
386.280000
565.700000
656.540000
705.255000
505.805000
304.525000
177.500000
100.161000
59.846000
32.579000
7.019000
0.000000
0.000000
0.000000
0.000000
0.000000
0.000000
0.000000
0.000000
0.000000
0.000000
0.000000
24.868000
191.190000
411.435000
605.605000
748.530000
834.181000
855.670000
814.755000
724.740000
557.040000
291.585000
96.609000
7.986000
0.000000
0.000000
0.000000
0.000000
0.000000
0.000000
0.000000
0.000000
0.000000
0.000000
0.000000
12.729000
127.537000
214.210000
381.405000
413.205000
651.955000
421.690000
470.140000
528.150000
515.275000
295.560000
198.650000
33.988000
0.000000
0.000000
0.000000
0.000000
0.000000
0.000000
0.000000
0.000000
0.000000
0.000000
0.000000
39.813000
198.515000
267.035000
321.820000
574.690000
746.975000
832.475000
754.825000
693.545000
421.585000
248.835000
128.680000
27.588000
0.000000
0.000000
0.000000
0.000000
0.000000
0.000000
0.000000
0.000000
0.000000
0.000000
0.000000
12.780000
64.083000
211.385000
426.450000
523.625000
725.685000
871.090000
840.435000
737.965000
611.375000
418.515000
199.850000
27.594000
0.000000
0.000000
0.000000
0.000000
0.000000
0.000000
0.000000
0.000000
0.000000
0.000000
0.000000
32.100000
199.930000
417.330000
607.440000
739.375000
823.100000
853.950000
794.540000
740.185000
601.025000
367.670000
197.940000
33.845000
0.000000
0.000000
0.000000
0.000000
0.000000
0.000000
0.000000
0.000000
0.000000
0.000000
0.000000
32.062000
199.520000
410.330000
596.060000
735.560000
748.455000
799.735000
634.130000
591.430000
400.840000
331.595000
180.670000
9.054000
0.000000
0.000000
0.000000
0.000000
0.000000
0.000000
0.000000
0.000000
0.000000
0.000000
0.000000
3.832000
20.238000
53.123000
127.530000
166.275000
115.195000
97.759000
250.120000
404.445000
220.955000
114.863000
46.105000
7.430000
0.000000
0.000000
0.000000
0.000000
0.000000
0.000000
0.000000
0.000000
0.000000
0.000000
0.000000
43.461000
224.280000
441.155000
625.970000
763.425000
849.020000
797.840000
843.150000
695.150000
459.905000
318.440000
148.975000
28.147000
0.000000
0.000000
0.000000
0.000000
0.000000
0.000000
0.000000
0.000000
0.000000
0.000000
0.000000
16.581000
64.115000
232.510000
318.990000
597.775000
757.580000
897.645000
874.510000
780.835000
626.505000
432.245000
216.385000
38.869000
0.000000
0.000000
0.000000
0.000000
0.000000
0.000000
0.000000
0.000000
0.000000
0.000000
0.000000
47.346000
224.365000
444.215000
633.500000
767.395000
808.445000
841.495000
842.100000
762.790000
595.895000
418.310000
172.240000
38.143000
0.000000
0.000000
0.000000
0.000000
0.000000
0.000000
0.000000
0.000000
0.000000
0.000000
0.000000
29.222000
78.350000
214.295000
370.340000
514.370000
303.165000
46.050000
31.895000
41.122000
47.775000
20.871000
11.422000
22.177000
0.000000
0.955000
0.316000
0.642000
0.000000
0.000000
0.000000
0.000000
0.153000
0.000000
0.000000
6.414000
23.413000
116.277000
268.355000
141.090000
226.335000
351.965000
477.740000
557.640000
532.835000
446.895000
207.590000
39.935000
0.000000
0.000000
0.000000
0.000000
0.000000
0.000000
0.000000
0.000000
0.000000
0.000000
0.000000
60.849000
208.375000
438.835000
614.555000
770.545000
875.975000
905.965000
884.310000
803.200000
574.585000
382.125000
257.171000
54.175000
0.000000
0.000000
0.000000
0.000000
0.000000
0.000000
0.000000
0.000000
0.000000
0.000000
0.000000
65.735000
267.040000
487.155000
666.005000
796.880000
880.860000
908.200000
866.410000
774.165000
628.765000
348.385000
233.675000
59.748000
0.000000
0.000000
0.000000
0.000000
0.000000
0.000000
0.000000
0.000000
0.000000
0.000000
0.000000
66.195000
259.890000
476.320000
656.175000
789.745000
871.240000
899.475000
866.170000
771.725000
619.745000
424.175000
232.055000
39.863000
0.000000
0.000000
0.000000
0.000000
0.000000
0.000000
0.000000
0.000000
0.000000
0.000000
0.000000
9.143000
30.836000
92.378000
83.733000
79.488000
144.060000
149.500000
65.644000
63.776000
82.620000
62.688000
8.993000
3.531000
0.563000
0.196000
0.000000
0.000000
0.000000
0.000000
0.000000
0.000000
0.000000
0.000000
0.000000
54.199000
233.390000
354.355000
559.125000
665.165000
790.230000
833.775000
831.715000
809.415000
656.590000
455.805000
189.930000
38.367000
0.000000
0.000000
0.000000
0.000000
0.000000
0.000000
0.000000
0.000000
0.000000
0.000000
0.237000
74.128000
268.395000
487.275000
671.370000
809.340000
887.285000
886.995000
766.685000
495.950000
459.875000
354.740000
183.630000
36.162000
0.000000
0.000000
0.000000
0.000000
0.000000
0.000000
0.000000
0.000000
0.000000
0.000000
0.000000
20.541000
74.201000
133.988000
249.270000
284.370000
262.025000
275.985000
239.560000
242.760000
134.395000
72.428000
35.490000
12.242000
0.000000
0.000000
0.000000
0.000000
0.000000
0.000000
0.000000
0.000000
0.000000
0.000000
0.000000
11.095000
81.329000
177.790000
291.140000
338.125000
431.060000
504.745000
464.620000
574.560000
379.820000
321.850000
240.385000
59.635000
0.000000
0.000000
0.000000
0.000000
0.000000
0.000000
0.000000
0.000000
0.000000
0.000000
1.473000
89.309000
287.970000
493.990000
662.235000
794.135000
888.070000
915.805000
875.710000
779.260000
635.440000
452.465000
245.440000
53.423000
0.000000
0.000000
0.000000
0.000000
0.000000
0.000000
0.000000
0.000000
0.000000
0.000000
3.483000
23.405000
164.673000
360.175000
183.982000
749.615000
782.120000
836.400000
869.850000
756.770000
446.340000
355.390000
137.205000
38.829000
0.000000
0.000000
0.000000
0.000000
0.000000
0.000000
0.000000
0.000000
0.000000
0.000000
0.294000
35.165000
51.906000
91.657000
135.280000
343.925000
371.395000
367.620000
741.435000
687.460000
244.765000
194.030000
117.990000
38.860000
0.000000
0.000000
0.000000
0.000000
0.000000
0.000000
0.000000
0.000000
0.000000
0.000000
2.409000
90.507000
286.395000
491.765000
589.155000
741.655000
775.850000
707.565000
692.545000
549.845000
402.270000
269.685000
121.443000
29.970000
0.000000
0.000000
0.000000
0.000000
0.000000
0.732000
1.656000
0.478000
0.000000
0.000000
0.823000
6.019000
22.940000
51.744000
231.210000
346.180000
186.385000
663.675000
388.220000
538.395000
494.360000
368.140000
230.780000
52.173000
0.189000
0.000000
0.000000
0.000000
0.000000
0.000000
0.000000
0.000000
0.000000
0.000000
0.333000
16.587000
76.069000
162.655000
489.350000
673.785000
913.325000
929.800000
885.495000
765.245000
657.835000
474.700000
270.605000
78.571000
0.943000
0.000000
0.000000
0.000000
0.000000
0.000000
0.197000
0.248000
0.000000
0.000000
3.009000
101.605000
323.880000
544.235000
705.975000
796.250000
806.565000
860.000000
900.965000
735.380000
648.330000
487.590000
274.625000
71.832000
0.957000
0.000000
0.000000
0.000000
0.000000
0.000000
0.000000
0.000000
0.000000
0.000000
4.004000
65.631000
225.735000
249.565000
556.990000
740.080000
895.455000
869.130000
828.585000
793.460000
644.750000
463.015000
261.820000
72.082000
1.181000
0.000000
0.000000
0.000000
0.000000
0.000000
0.000000
0.000000
0.000000
0.000000
5.606000
114.267000
316.165000
519.395000
683.435000
812.425000
895.215000
916.780000
880.681000
788.260000
645.190000
465.615000
259.731000
76.854000
2.041000
0.000000
0.000000
0.000000
0.000000
0.000000
0.000000
0.000000
0.000000
0.000000
3.788000
104.193000
281.960000
527.205000
698.740000
826.550000
903.480000
926.735000
885.370000
787.015000
644.140000
467.085000
265.255000
80.755000
2.157000
0.000000
0.000000
0.000000
0.000000
0.000000
0.000000
0.000000
0.000000
0.000000
7.635000
121.473000
317.345000
522.341000
685.145000
813.470000
889.770000
899.700000
862.640000
593.230000
594.440000
377.615000
218.045000
83.055000
1.412000
0.000000
0.000000
0.000000
0.000000
0.000000
0.000000
0.000000
0.000000
0.000000
0.604000
8.761000
21.223000
47.821000
73.415000
129.685000
138.015000
79.910000
94.759000
89.022000
71.028000
50.643000
26.856000
9.251000
0.117000
0.000000
0.000000
0.000000
0.000000
0.000000
0.000000
0.000000
0.000000
0.000000
2.117000
12.975000
10.605000
54.333000
44.115000
80.379000
93.455000
197.396000
15.969000
15.469000
8.384000
10.967000
22.345000
3.109000
0.472000
0.471000
0.000000
0.204000
0.000000
0.000000
0.000000
0.000000
0.000000
0.000000
3.103000
17.216000
59.645000
141.870000
148.850000
126.662000
193.545000
414.520000
523.635000
600.705000
301.990000
198.100000
117.755000
46.475000
1.752000
0.000000
0.000000
0.000000
0.000000
0.000000
0.000000
0.000000
0.000000
0.000000
14.044000
140.949000
339.990000
505.950000
578.965000
745.915000
898.785000
859.515000
786.865000
308.520000
282.810000
186.615000
127.611000
43.639000
0.992000
0.000000
0.000000
0.000000
0.000000
0.000000
0.000000
0.000000
0.000000
0.000000
0.537000
4.592000
10.797000
29.951000
69.262000
134.230000
128.010000
103.515000
105.214000
433.095000
347.245000
246.680000
238.900000
46.122000
1.426000
0.000000
0.000000
0.000000
0.000000
0.000000
0.000000
0.000000
0.000000
0.082000
2.303000
34.596000
40.494000
64.221000
118.245000
252.125000
398.710000
525.045000
637.975000
819.640000
636.390000
328.405000
231.195000
60.458000
5.926000
0.000000
0.000000
0.000000
0.000000
0.000000
0.000000
0.000000
0.000000
0.000000
1.425000
12.412000
36.452000
104.603000
427.945000
658.150000
617.740000
697.840000
610.895000
732.040000
476.135000
438.885000
150.070000
48.198000
2.815000
0.000000
0.000000
0.000000
0.000000
0.000000
0.000000
0.000000
0.000000
0.000000
18.939000
153.565000
359.220000
567.580000
728.160000
855.760000
899.545000
765.535000
609.495000
915.510000
507.755000
351.730000
193.155000
113.894000
2.650000
0.000000
0.000000
0.000000
0.000000
0.000000
0.000000
0.000000
0.000000
0.000000
7.458000
77.953000
320.235000
548.075000
704.145000
787.670000
519.630000
599.935000
614.635000
420.030000
266.285000
194.835000
94.569000
33.238000
0.977000
0.000000
0.000000
0.000000
0.000000
0.000000
0.000000
0.000000
0.000000
0.000000
0.921000
51.756000
167.450000
422.095000
584.025000
758.265000
696.705000
380.350000
363.705000
256.291000
254.590000
196.805000
72.481000
42.402000
0.413000
0.000000
0.000000
0.000000
0.000000
0.000000
0.000000
0.000000
0.000000
0.000000
18.964000
152.150000
351.665000
559.520000
727.360000
847.170000
863.315000
620.755000
442.425000
730.825000
644.285000
405.130000
184.355000
53.047000
2.009000
0.000000
0.000000
0.000000
0.000000
0.000000
0.000000
0.000000
0.206000
0.000000
6.193000
47.949000
66.116000
12.315000
79.801000
589.185000
873.695000
633.745000
789.760000
579.820000
613.405000
495.515000
320.350000
111.854000
4.528000
0.000000
0.000000
0.000000
0.000000
0.000000
0.000000
0.000000
0.000000
0.000000
20.143000
147.512000
369.495000
376.980000
678.850000
828.815000
935.135000
833.720000
769.525000
518.155000
683.780000
527.055000
318.930000
112.970000
7.438000
0.000000
0.000000
0.000000
0.000000
0.000000
0.000000
0.000000
0.000000
0.000000
4.370000
42.380000
169.975000
373.515000
724.965000
794.425000
593.915000
854.320000
742.505000
833.925000
481.840000
448.355000
313.595000
125.676000
11.101000
0.000000
0.000000
0.000000
0.000000
0.000000
0.000000
0.000000
0.000000
0.000000
28.628000
169.690000
395.390000
592.875000
760.835000
886.685000
961.435000
983.460000
942.350000
776.000000
697.705000
493.615000
304.540000
120.403000
5.186000
0.000000
0.000000
0.000000
0.000000
0.000000
0.000000
0.000000
0.000000
0.000000
10.941000
79.274000
175.605000
337.715000
400.485000
262.545000
520.081000
334.170000
376.485000
314.595000
136.842000
78.662000
103.042000
44.003000
2.985000
0.000000
0.000000
0.000000
0.000000
0.000000
0.000000
0.000000
0.000000
0.000000
20.526000
149.159000
369.965000
565.215000
735.260000
633.875000
700.270000
626.770000
587.635000
435.105000
637.315000
389.935000
220.835000
111.974000
10.304000
0.000000
0.000000
0.000000
0.000000
0.000000
0.000000
0.000000
0.000000
0.000000
9.891000
48.767000
198.015000
316.215000
222.575000
112.660000
93.812000
66.251000
128.991000
144.040000
82.293000
44.834000
24.357000
8.135000
1.303000
0.111000
0.318000
0.092000
0.352000
0.419000
0.003000
0.101000
0.000000
0.000000
12.262000
81.967000
172.615000
122.270000
147.735000
274.680000
503.470000
437.845000
916.025000
749.090000
613.115000
539.410000
296.585000
84.858000
20.513000
0.000000
0.000000
0.000000
0.000000
0.000000
0.000000
0.000000
0.000000
0.000000
40.860000
176.460000
355.000000
604.750000
737.410000
824.440000
885.300000
939.490000
934.655000
533.270000
405.615000
382.090000
279.165000
62.359000
6.001000
0.000000
0.000000
0.000000
0.000000
0.000000
0.000000
0.000000
0.000000
0.030000
15.034000
65.370000
126.510000
31.710000
45.460000
148.215000
238.760000
324.180000
297.020000
114.900000
175.500000
433.855000
332.535000
171.965000
16.781000
0.000000
0.000000
0.000000
0.000000
0.000000
0.000000
0.000000
0.000000
0.000000
40.001000
202.090000
418.235000
619.545000
787.000000
897.000000
975.000000
989.000000
956.000000
875.125000
730.035000
552.160000
343.695000
139.431000
16.240000
0.000000
0.000000
0.000000
0.000000
0.000000
0.000000
0.000000
0.000000
0.000000
10.374000
57.249000
307.150000
408.675000
614.660000
713.615000
973.315000
915.345000
890.070000
845.690000
636.885000
446.215000
333.680000
124.835000
10.699000
0.000000
0.000000
0.000000
0.000000
0.000000
0.000000
0.000000
0.000000
0.000000
29.100000
202.900000
381.700000
565.500000
593.200000
789.600000
951.500000
977.700000
945.300000
846.400000
706.400000
532.900000
333.300000
139.900000
17.100000
0.000000
0.000000
0.000000
0.000000
0.000000
0.000000
0.000000
0.000000
0.000000
38.400000
194.700000
392.400000
604.800000
753.100000
879.500000
959.100000
985.200000
947.200000
851.700000
718.000000
540.100000
290.300000
98.200000
12.700000
0.000000
0.000000
0.000000
0.000000
0.000000
0.000000
0.000000
0.000000
0.000000
36.800000
201.700000
406.700000
568.100000
694.000000
893.800000
959.100000
833.500000
944.100000
867.700000
720.500000
546.800000
350.900000
140.400000
23.600000
0.000000
0.000000
0.000000
0.000000
0.000000
0.000000
0.000000
0.000000
0.000000
37.900000
139.500000
215.300000
652.800000
664.700000
839.400000
908.600000
875.200000
928.100000
826.400000
667.300000
482.400000
285.200000
93.600000
17.500000
0.000000
0.000000
0.000000
0.000000
0.000000
0.000000
0.000000
0.000000
0.000000
35.700000
183.800000
380.400000
548.700000
722.500000
844.000000
910.100000
980.500000
921.900000
777.600000
396.700000
362.900000
242.600000
107.300000
10.600000
0.000000
0.000000
0.000000
0.000000
0.000000
0.000000
0.000000
0.000000
0.000000
32.701000
96.800000
303.200000
568.900000
709.900000
875.100000
660.900000
745.400000
657.500000
495.700000
514.100000
249.000000
197.900000
65.300000
5.700000
0.000000
0.000000
0.000000
0.000000
0.000000
0.400000
0.200000
0.000000
0.000000
19.100000
212.500000
364.100000
370.000000
504.400000
862.900000
926.100000
874.500000
786.300000
613.400000
550.400000
330.600000
177.400000
33.200000
7.500000
0.000000
0.000000
0.000000
0.000000
0.000000
0.000000
0.000000
0.000000
0.000000
39.100000
177.000000
386.300000
569.400000
727.500000
858.000000
915.800000
832.800000
580.700000
594.200000
716.100000
539.100000
334.200000
150.600000
25.300000
0.000000
0.000000
0.000000
0.000000
0.000000
0.000000
0.000000
0.000000
0.000000
13.100000
86.700000
186.800000
66.200000
225.800000
256.800000
223.700000
234.800000
197.000000
218.100000
84.400000
77.800000
60.400000
25.700000
4.700000
1.100000
0.900000
1.000000
0.600000
0.300000
0.000000
0.000000
0.000000
0.000000
15.400000
42.000000
72.700000
126.700000
143.100000
219.900000
177.900000
181.200000
348.300000
310.900000
157.100000
184.200000
118.600000
69.400000
8.100000
0.000000
0.000000
0.000000
0.000000
0.000000
0.000000
0.000000
0.000000
0.000000
45.200000
210.400000
425.900000
617.000000
787.200000
905.700000
983.100000
1007.100000
961.900000
860.400000
718.400000
545.900000
353.600000
156.500000
22.600000
0.000000
0.000000
0.000000
0.000000
0.000000
0.000000
0.000000
0.000000
0.000000
46.200000
197.700000
408.500000
602.200000
762.500000
879.500000
966.500000
978.000000
753.400000
500.600000
703.400000
482.200000
352.400000
158.000000
23.300000
0.000000
0.000000
0.000000
0.000000
0.000000
0.000000
0.000000
0.000000
0.000000
53.500000
219.500000
423.600000
612.200000
772.500000
892.600000
970.700000
993.800000
959.000000
865.700000
743.600000
569.700000
376.800000
158.500000
19.600000
0.000000
0.000000
0.000000
0.000000
0.000000
0.000000
0.000000
0.000000
0.500000
51.600000
188.700000
420.400000
592.800000
772.800000
554.700000
798.700000
507.700000
792.100000
518.900000
433.900000
543.300000
334.600000
143.600000
27.300000
0.000000
0.000000
0.000000
0.000000
4.500000
0.000000
0.000000
0.600000
1.400000
9.200000
43.000000
163.800000
258.101000
508.300000
513.000000
413.400000
228.900000
464.500000
359.600000
660.300000
584.700000
187.600000
9.700000
0.000000
1.100000
0.300000
0.000000
0.000000
0.000000
0.000000
0.000000
0.000000
0.000000
4.900000
31.500000
107.900000
126.100000
184.600000
293.000000
304.000000
373.000000
416.000000
255.800000
234.400000
241.700000
207.500000
153.700000
18.500000
0.000000
0.000000
0.000000
0.000000
0.000000
0.000000
0.000000
0.000000
0.000000
63.200000
248.000000
356.400000
406.500000
528.000000
773.000000
973.000000
993.000000
960.000000
808.400000
527.100000
349.200000
190.000000
217.600000
23.400000
0.000000
0.000000
0.000000
0.000000
0.000000
0.000000
0.000000
0.000000
0.000000
15.600000
75.100000
204.000000
538.600000
547.000000
920.000000
980.000000
813.000000
1000.000000
864.600000
757.900000
571.700000
202.000000
69.600000
20.500000
0.000000
0.000000
0.000000
0.000000
0.000000
0.000000
0.000000
0.000000
0.000000
54.400000
224.000000
368.700000
547.000000
633.000000
810.500000
766.400000
868.100000
938.600000
834.200000
698.300000
517.500000
300.800000
141.000000
18.100000
0.000000
0.000000
5.200000
3.000000
1.200000
0.600000
0.000000
0.000000
0.000000
7.900000
42.400000
109.500000
527.900000
647.300000
750.800000
564.500000
656.300000
610.500000
540.900000
415.500000
407.800000
337.300000
175.900000
36.900000
0.000000
0.000000
0.000000
0.000000
0.000000
0.000000
0.000000
0.000000
0.000000
2.800000
13.900000
29.400000
57.100000
105.800000
288.500000
333.600000
150.100000
116.200000
91.500000
195.700000
227.000000
289.300000
189.500000
26.000000
0.000000
0.000000
0.000000
0.000000
0.000000
0.400000
0.500000
0.200000
0.000000
10.500000
78.200000
190.200000
415.100000
439.600000
466.900000
591.000000
397.300000
421.500000
461.000000
369.000000
379.300000
328.700000
181.000000
44.900000
0.000000
0.000000
0.000000
0.000000
0.000000
0.000000
0.000000
0.000000
1.000000
39.100000
127.000000
193.800000
174.100000
171.100000
113.400000
143.800000
545.100000
645.500000
488.400000
464.000000
222.900000
117.900000
86.700000
30.000000
0.000000
0.000000
0.000000
0.000000
0.000000
0.000000
0.000000
0.000000
0.000000
16.400000
114.600000
203.200000
493.700000
720.100000
731.000000
620.700000
448.600000
533.500000
600.100000
419.700000
249.400000
146.400000
73.100000
18.600000
0.000000
0.000000
0.000000
0.000000
0.000000
0.000000
0.000000
0.000000
0.000000
37.200000
180.900000
273.400000
607.300000
773.900000
884.500000
775.800000
890.300000
536.800000
505.200000
426.800000
204.100000
168.900000
80.200000
19.300000
0.000000
0.000000
0.000000
0.000000
0.000000
0.000000
0.000000
0.000000
0.100000
20.600000
90.000000
139.100000
165.300000
95.200000
30.900000
70.800000
90.700000
260.101000
261.700000
132.200000
456.600000
163.900000
101.000000
12.100000
0.000000
0.000000
0.000000
0.000000
0.000000
0.000000
0.000000
0.000000
0.200000
21.500000
95.400000
187.100000
272.500000
464.800000
279.200000
446.400000
571.400000
906.400000
661.800000
593.400000
349.200000
204.400000
126.700000
25.100000
0.000000
0.000000
0.000000
0.000000
0.000000
0.000000
0.000000
0.000000
0.000000
23.200000
98.100000
155.900000
275.100000
599.100000
517.100000
583.100000
679.800000
812.900000
704.100000
653.700000
425.700000
291.200000
155.300000
31.200000
0.000000
0.000000
0.000000
0.000000
0.000000
0.000000
0.000000
0.000000
0.100000
6.700000
48.300000
254.500000
495.100000
424.000000
467.700000
877.400000
762.500000
700.500000
296.700000
217.900000
241.700000
244.800000
152.400000
35.300000
0.000000
0.000000
0.000000
0.000000
0.300000
0.000000
0.000000
0.000000
0.000000
24.900000
100.800000
124.800000
277.700000
733.400000
755.100000
719.700000
788.100000
719.400000
746.500000
714.000000
502.300000
378.100000
183.900000
37.300000
0.000000
0.000000
0.000000
0.000000
0.000000
0.000000
0.000000
0.000000
0.300000
40.000000
143.700000
152.200000
470.200000
595.800000
696.600000
840.200000
929.000000
892.100000
859.100000
726.600000
565.300000
167.600000
17.600000
0.500000
0.000000
0.000000
0.000000
0.000000
0.000000
0.000000
0.000000
0.000000
0.000000
40.000000
162.800000
351.800000
573.400000
725.000000
856.000000
932.900000
969.700000
924.900000
815.700000
374.200000
461.100000
286.500000
122.700000
34.300000
0.000000
0.000000
0.000000
0.000000
0.000000
2.300000
1.100000
0.000000
0.400000
10.200000
102.900000
289.000000
318.300000
320.900000
255.900000
131.500000
89.900000
509.100000
862.300000
721.000000
564.500000
371.900000
182.500000
35.800000
0.000000
0.000000
0.000000
0.000000
0.000000
0.000000
0.000000
0.000000
0.700000
59.800000
219.500000
369.400000
489.000000
705.200000
802.700000
650.000000
393.500000
291.500000
262.400000
236.800000
170.700000
107.200000
36.500000
11.500000
0.000000
0.000000
0.000000
0.000000
0.000000
0.100000
0.200000
0.300000
0.700000
18.700000
58.000000
103.400000
140.700000
660.700000
718.100000
845.300000
795.700000
748.600000
659.000000
541.300000
528.000000
379.900000
185.000000
38.500000
0.000000
0.000000
0.000000
0.000000
0.000000
0.000000
0.000000
0.000000
0.500000
66.600000
85.100000
139.400000
566.100000
729.400000
852.900000
931.500000
954.800000
921.700000
831.000000
623.300000
464.500000
297.300000
106.300000
28.700000
0.200000
0.000000
0.000000
0.000000
0.000000
0.000000
0.000000
0.000000
1.000000
57.100000
182.800000
373.900000
572.900000
719.700000
832.800000
824.800000
928.900000
901.500000
822.300000
430.000000
162.300000
92.100000
61.800000
28.000000
0.000000
0.000000
0.000000
0.000000
0.000000
0.000000
0.000000
0.000000
0.000000
4.600000
52.600000
144.800000
174.400000
182.600000
146.400000
278.400000
141.700000
188.700000
681.500000
691.800000
529.900000
315.600000
174.800000
38.200000
0.000000
0.000000
0.000000
0.000000
0.000000
0.000000
0.000000
0.000000
0.000000
51.400000
216.400000
395.200000
572.700000
700.300000
847.000000
940.000000
847.000000
895.900000
837.200000
699.400000
545.900000
381.700000
189.300000
40.100000
0.000000
0.000000
0.000000
0.000000
0.000000
0.000000
0.000000
0.000000
0.700000
3.600000
20.500000
68.000000
127.700000
320.500000
396.700000
753.700000
807.100000
945.600000
357.500000
610.900000
535.400000
243.000000
190.200000
23.800000
0.000000
0.000000
0.000000
0.000000
0.000000
0.000000
0.000000
0.000000
0.000000
53.200000
139.700000
218.800000
228.600000
161.900000
447.700000
781.800000
635.700000
515.701000
674.900000
606.200000
568.100000
379.900000
186.500000
44.000000
0.000000
0.000000
0.000000
0.000000
0.000000
0.000000
0.000000
0.000000
0.000000
58.200000
226.100000
429.500000
621.200000
779.700000
898.700000
981.300000
1010.300000
966.400000
873.600000
741.300000
579.200000
389.500000
192.100000
40.400000
0.000000
0.000000
0.000000
0.000000
0.000000
0.000000
0.000000
0.000000
0.000000
56.900000
215.800000
421.400000
610.400000
767.900000
893.800000
974.700000
999.100000
965.800000
871.700000
732.800000
568.800000
376.700000
179.100000
36.200000
0.000000
3.700000
3.200000
1.400000
0.000000
0.200000
0.000000
0.000000
0.000000
49.700000
205.800000
403.800000
589.800000
751.200000
890.300000
975.800000
1006.800000
977.800000
889.900000
753.700000
587.200000
399.200000
198.000000
42.700000
0.000000
0.000000
0.000000
0.000000
0.000000
0.000000
0.000000
0.000000
0.000000
31.500000
180.000000
405.800000
500.000000
749.000000
863.700000
941.800000
965.000000
925.900000
844.200000
719.400000
551.000000
365.500000
144.900000
26.200000
0.000000
0.000000
0.000000
0.000000
0.000000
0.000000
0.000000
0.000000
1.200000
73.400000
236.700000
388.200000
594.700000
595.800000
813.200000
753.900000
713.200000
910.400000
351.300000
596.600000
461.300000
262.600000
175.100000
32.201000
0.000000
0.000000
0.000000
0.000000
0.000000
0.000000
0.000000
0.000000
0.500000
17.500000
90.200000
73.500000
65.800000
66.000000
197.000000
232.400000
94.500000
166.100000
217.900000
137.500000
218.100000
234.000000
44.200000
2.100000
0.500000
0.500000
0.000000
0.700000
0.200000
0.000000
0.000000
0.000000
0.100000
14.400000
43.400000
67.100000
122.000000
193.100000
403.100000
424.700000
300.900000
205.700000
213.200000
171.100000
87.400000
74.800000
26.500000
12.300000
0.000000
0.000000
0.000000
0.000000
0.000000
0.000000
0.000000
0.000000
0.000000
36.500000
189.700000
386.600000
568.500000
682.700000
751.300000
856.300000
951.500000
772.700000
787.500000
616.500000
589.000000
369.800000
174.800000
34.700000
0.000000
0.000000
0.000000
0.000000
0.000000
0.000000
0.000000
0.000000
0.000000
28.800000
158.600000
344.000000
559.800000
716.200000
844.500000
829.000000
982.600000
881.400000
675.900000
688.800000
553.400000
365.100000
175.200000
35.500000
0.000000
0.000000
0.000000
0.000000
0.000000
0.000000
0.000000
0.000000
0.000000
44.800000
177.000000
367.300000
526.000000
731.900000
875.300000
730.700000
974.800000
836.400000
701.600000
665.400000
507.900000
362.000000
174.800000
36.000000
0.000000
0.000000
0.000000
0.000000
0.000000
0.000000
0.000000
0.300000
0.300000
29.100000
48.800000
38.200000
240.300000
568.000000
842.700000
924.100000
953.400000
918.800000
820.800000
706.300000
395.400000
301.600000
173.500000
36.600000
0.000000
0.000000
0.000000
0.000000
0.000000
0.000000
0.000000
0.000000
0.000000
21.300000
98.400000
256.400000
304.500000
171.500000
427.400000
911.600000
799.900000
911.600000
817.400000
588.000000
382.400000
275.900000
151.600000
33.400000
0.000000
0.000000
0.000000
0.000000
0.000000
0.000000
0.000000
0.000000
0.000000
31.200000
157.200000
308.400000
400.500000
155.000000
196.500000
635.700000
630.500000
311.000000
227.100000
325.500000
464.300000
236.200000
121.700000
14.100000
0.000000
0.000000
0.200000
0.200000
0.000000
0.000000
0.200000
0.000000
0.000000
17.200000
54.900000
144.500000
238.000000
235.300000
380.500000
304.700000
303.100000
966.800000
674.400000
348.400000
530.400000
361.600000
177.400000
32.900000
0.000000
0.000000
0.000000
0.000000
0.000000
0.000000
0.000000
0.300000
0.500000
3.500000
20.000000
116.100000
348.500000
608.100000
564.000000
370.500000
695.600000
900.000000
830.600000
686.700000
539.200000
357.500000
161.400000
17.100000
0.000000
0.000000
0.000000
0.000000
0.000000
0.000000
0.000000
0.000000
0.200000
16.900000
100.700000
294.000000
485.400000
581.700000
580.400000
673.900000
629.100000
594.100000
630.200000
482.100000
393.000000
304.100000
175.600000
23.200000
0.000000
0.000000
0.000000
0.000000
0.000000
0.000000
0.000000
0.000000
0.000000
5.200000
22.900000
54.000000
161.700000
598.100000
750.400000
913.600000
942.200000
907.900000
763.800000
453.900000
374.700000
205.700000
134.700000
30.100000
0.000000
0.000000
0.000000
0.000000
0.000000
0.000000
0.000000
0.000000
0.000000
22.800000
107.500000
292.300000
444.800000
741.600000
855.800000
932.500000
985.100000
929.300000
824.400000
671.500000
530.700000
334.500000
135.200000
26.700000
0.000000
0.000000
0.000000
0.000000
0.000000
0.000000
0.000000
0.000000
0.000000
45.200000
69.200000
81.200000
32.900000
48.300000
423.200000
608.900000
480.000000
537.600000
750.300000
748.800000
567.200000
377.800000
180.800000
34.600000
0.000000
0.000000
0.000000
0.000000
0.000000
0.000000
0.000000
0.000000
0.000000
24.100000
172.400000
389.400000
589.100000
755.800000
884.700000
966.700000
996.700000
967.600000
878.000000
738.000000
581.500000
394.400000
183.000000
33.100000
0.000000
0.000000
0.000000
0.000000
0.000000
0.000000
0.000000
0.000000
0.000000
23.700000
167.900000
371.200000
567.400000
729.400000
819.500000
762.000000
829.500000
869.800000
810.300000
702.900000
603.400000
365.500000
172.600000
31.400000
0.000000
0.000000
0.000000
0.000000
0.000000
0.000000
0.000000
0.000000
0.000000
21.500000
162.500000
365.300000
551.200000
710.200000
838.800000
912.500000
934.400000
906.900000
820.800000
709.500000
536.500000
332.800000
111.900000
28.900000
0.000000
0.000000
0.000000
0.000000
0.000000
0.700000
0.200000
0.100000
0.000000
1.400000
24.300000
30.000000
82.700000
161.600000
411.600000
227.500000
160.900000
133.900000
121.000000
161.500000
118.300000
52.100000
31.900000
22.000000
0.000000
0.000000
0.000000
0.500000
0.100000
0.100000
0.200000
0.000000
0.000000
6.600000
29.400000
76.800000
116.500000
257.500000
623.500000
650.700000
818.300000
884.900000
771.800000
692.000000
534.000000
290.700000
157.300000
23.900000
0.000000
0.000000
0.000000
0.000000
0.000000
0.000000
0.000000
0.000000
0.000000
22.400000
140.100000
354.300000
538.600000
694.800000
820.300000
875.200000
938.900000
911.500000
458.100000
109.300000
59.500000
92.800000
82.800000
25.200000
0.000000
0.000000
0.000000
0.000000
0.000000
0.000000
0.000000
0.000000
0.000000
21.100000
153.500000
355.200000
540.400000
693.900000
823.500000
909.800000
937.900000
907.100000
790.400000
689.200000
461.900000
179.800000
88.100000
16.400000
0.000000
0.000000
0.000000
0.000000
0.000000
0.000000
0.000000
0.000000
0.000000
23.600000
154.400000
350.800000
537.000000
699.400000
784.800000
891.300000
874.800000
903.900000
611.800000
565.000000
547.000000
330.600000
101.100000
6.600000
0.000000
0.000000
0.000000
0.000000
0.000000
0.000000
0.000000
0.500000
0.000000
19.400000
131.900000
387.600000
532.000000
700.600000
833.800000
930.300000
868.600000
888.100000
841.200000
626.800000
503.300000
343.200000
152.000000
23.200000
0.000000
0.000000
0.000000
0.000000
0.000000
0.000000
0.000000
0.000000
0.000000
20.200000
160.000000
347.800000
534.600000
697.800000
826.500000
911.100000
942.900000
914.600000
830.200000
677.700000
515.000000
346.800000
145.400000
14.600000
0.000000
0.000000
0.000000
0.000000
0.000000
0.000000
0.000000
0.000000
0.000000
19.300000
121.500000
171.000000
245.900000
331.000000
411.400000
228.300000
175.400000
219.700000
437.100000
233.300000
280.900000
204.800000
114.200000
3.200000
0.000000
0.000000
0.000000
0.000000
0.000000
0.000000
0.000000
0.000000
0.000000
2.900000
23.500000
117.600000
224.800000
139.500000
108.900000
135.700000
168.100000
228.200000
280.200000
545.600000
511.200000
319.300000
134.300000
18.100000
0.000000
0.000000
0.000000
0.000000
0.000000
0.000000
0.000000
0.000000
0.000000
16.400000
134.500000
324.600000
484.200000
570.700000
579.700000
591.300000
593.200000
831.100000
526.700000
357.000000
261.200000
179.500000
67.700000
11.300000
0.000000
0.000000
0.000000
0.000000
0.000000
0.000000
0.000000
0.000000
0.000000
10.500000
83.000000
316.500000
538.600000
695.900000
847.000000
870.100000
893.900000
916.600000
826.700000
551.700000
456.400000
249.200000
147.600000
18.900000
0.000000
0.000000
0.000000
0.000000
0.000000
0.000000
0.000000
0.000000
0.000000
16.000000
149.800000
343.800000
531.300000
666.900000
811.000000
895.000000
920.000000
902.000000
793.000000
566.000000
293.300000
245.700000
60.200000
6.500000
0.000000
0.000000
0.000000
0.000000
0.000000
0.000000
0.000000
0.000000
0.000000
14.800000
128.100000
347.300000
547.100000
699.700000
826.100000
856.600000
918.500000
899.600000
732.300000
683.900000
511.000000
333.000000
138.000000
13.900000
0.000000
0.000000
0.000000
0.000000
0.000000
0.000000
0.000000
0.000000
0.000000
15.700000
135.100000
331.300000
524.600000
684.900000
808.800000
887.800000
912.100000
877.600000
790.200000
664.700000
508.900000
320.200000
131.300000
15.900000
0.000000
0.000000
0.000000
0.000000
0.000000
0.000000
0.000000
0.000000
0.000000
6.600000
104.700000
302.900000
382.600000
421.700000
679.500000
842.100000
882.900000
854.100000
780.200000
647.300000
468.900000
305.100000
118.400000
11.500000
0.000000
0.000000
0.000000
0.000000
0.000000
0.000000
0.000000
0.000000
0.000000
0.100000
32.201000
165.800000
320.400000
510.000000
774.300000
869.200000
807.600000
754.700000
754.600000
633.400000
484.500000
296.200000
116.100000
11.300000
0.000000
0.000000
0.000000
0.000000
0.000000
0.000000
0.000000
0.000000
0.000000
2.200000
41.100000
118.700000
137.300000
399.300000
673.300000
826.300000
913.600000
879.000000
789.400000
659.600000
495.100000
305.000000
117.500000
10.100000
0.000000
0.000000
0.000000
0.000000
0.000000
0.000000
0.000000
0.000000
0.000000
9.300000
101.600000
298.200000
466.500000
630.200000
662.800000
609.700000
673.500000
837.700000
799.400000
662.700000
504.500000
181.200000
72.800000
7.200000
0.000000
0.000000
0.000000
0.000000
0.000000
0.000000
0.000000
0.000000
0.300000
1.900000
36.600000
109.500000
266.100000
570.200000
787.300000
869.600000
883.900000
835.000000
764.800000
295.600000
496.300000
272.500000
92.300000
10.000000
0.000000
0.000000
0.000000
0.000000
0.000000
0.000000
0.000000
0.000000
0.000000
10.200000
126.900000
284.300000
515.000000
623.000000
671.600000
869.800000
883.800000
845.900000
759.900000
653.900000
450.600000
297.700000
107.600000
8.400000
0.000000
0.000000
0.000000
0.000000
0.000000
0.000000
0.000000
0.000000
0.000000
11.800000
50.000000
118.500000
16.600000
266.700000
529.900000
719.600000
608.000000
161.400000
125.900000
80.300000
133.400000
22.500000
27.800000
18.200000
0.000000
0.000000
0.000000
0.000000
0.000000
0.000000
0.000000
0.000000
0.000000
6.600000
89.500000
286.500000
492.900000
652.700000
552.000000
378.900000
456.500000
715.000000
701.500000
653.700000
485.000000
293.200000
106.100000
5.400000
0.000000
0.000000
0.000000
0.000000
0.000000
0.000000
0.000000
0.000000
0.000000
6.600000
99.500000
288.100000
483.300000
646.300000
752.200000
822.200000
877.800000
844.300000
764.500000
640.500000
455.000000
295.100000
105.400000
4.700000
0.000000
0.000000
0.000000
0.000000
0.000000
0.000000
0.000000
0.000000
0.000000
7.200000
99.700000
272.300000
478.800000
667.500000
708.400000
765.100000
673.200000
654.200000
712.400000
633.100000
467.600000
285.600000
102.200000
4.800000
0.000000
0.000000
0.000000
0.000000
0.000000
0.000000
0.000000
0.000000
0.000000
3.700000
124.500000
256.601000
394.500000
633.600000
733.100000
861.100000
879.400000
843.500000
765.600000
641.900000
469.000000
285.100000
101.400000
5.000000
0.000000
0.000000
0.000000
0.000000
0.000000
0.000000
0.000000
0.000000
0.000000
6.900000
104.100000
322.700000
449.300000
647.400000
779.300000
859.400000
871.500000
823.700000
722.400000
662.200000
413.500000
288.200000
95.600000
2.500000
0.000000
0.000000
0.000000
0.000000
0.000000
0.000000
0.000000
0.000000
0.000000
0.100000
4.600000
89.600000
255.100000
158.500000
320.100000
433.000000
364.800000
266.400000
298.800000
199.900000
158.500000
167.500000
61.800000
2.600000
0.000000
0.000000
0.000000
0.000000
0.000000
0.000000
0.500000
0.000000
0.000000
6.900000
54.600000
92.400000
288.500000
341.000000
462.900000
640.000000
698.300000
787.400000
749.500000
635.300000
466.200000
273.800000
88.400000
2.200000
0.000000
0.000000
0.000000
0.000000
0.000000
0.000000
0.000000
0.000000
0.000000
5.400000
17.300000
34.200000
139.600000
319.300000
636.600000
796.300000
833.900000
862.500000
767.700000
632.800000
474.300000
263.800000
94.500000
0.000000
0.000000
0.000000
0.000000
0.000000
0.000000
0.000000
0.000000
0.000000
0.000000
3.600000
97.300000
240.800000
426.200000
515.701000
593.500000
704.100000
794.800000
832.600000
712.700000
634.300000
436.600000
245.000000
81.200000
1.900000
0.000000
0.000000
0.000000
0.000000
0.000000
0.000000
0.000000
0.000000
0.000000
0.700000
8.900000
42.100000
21.900000
336.500000
683.100000
854.300000
723.000000
496.700000
422.900000
519.300000
380.500000
315.800000
100.500000
0.600000
0.000000
0.000000
0.000000
0.000000
0.000000
0.000000
0.000000
0.000000
0.000000
2.700000
95.200000
285.800000
483.900000
660.700000
757.300000
579.400000
636.600000
552.400000
621.700000
535.100000
316.600000
237.000000
42.100000
2.000000
0.000000
0.000000
0.000000
0.000000
0.000000
0.000000
0.000000
0.000000
0.000000
2.700000
96.000000
288.500000
472.800000
428.300000
509.500000
619.500000
804.400000
667.000000
534.300000
649.200000
429.400000
263.600000
81.400000
0.000000
0.000000
0.000000
0.000000
0.000000
0.000000
0.000000
0.000000
0.000000
0.000000
3.100000
69.100000
275.800000
486.200000
663.500000
752.500000
812.900000
815.200000
736.400000
687.600000
556.200000
393.600000
260.400000
74.500000
0.000000
0.000000
0.000000
0.000000
0.000000
0.000000
0.000000
0.000000
0.000000
0.000000
3.100000
70.300000
276.100000
477.200000
645.000000
769.800000
849.400000
881.000000
835.400000
749.700000
623.600000
452.300000
249.100000
68.100000
0.000000
0.000000
0.000000
0.000000
0.000000
0.000000
0.000000
0.000000
0.000000
0.000000
4.300000
93.100000
156.900000
452.300000
617.700000
740.100000
827.100000
853.400000
818.100000
731.800000
598.500000
430.300000
237.700000
52.700000
0.000000
0.000000
0.000000
0.000000
0.000000
0.700000
0.900000
0.000000
0.000000
0.000000
1.000000
39.700000
191.900000
377.600000
252.300000
591.700000
659.500000
621.900000
599.600000
492.400000
521.300000
354.300000
99.100000
6.400000
0.000000
0.000000
0.000000
0.000000
0.100000
0.400000
0.000000
0.000000
0.200000
0.500000
0.700000
1.800000
1.700000
31.200000
98.300000
81.700000
112.700000
161.800000
192.000000
397.400000
217.100000
190.200000
63.800000
26.500000
0.000000
0.000000
0.000000
0.000000
0.000000
0.000000
0.000000
0.000000
0.000000
0.000000
0.200000
14.500000
56.900000
93.500000
140.100000
304.300000
522.800000
744.400000
741.000000
753.700000
617.200000
340.100000
142.000000
50.700000
0.000000
0.000000
0.000000
0.000000
0.000000
0.000000
0.000000
0.000000
0.000000
0.000000
0.400000
62.700000
254.700000
398.300000
685.500000
688.300000
741.200000
862.500000
787.400000
712.100000
559.200000
423.800000
225.800000
48.700000
0.000000
0.000000
0.000000
0.000000
0.000000
0.000000
0.000000
0.000000
0.000000
0.000000
0.500000
54.200000
226.600000
406.300000
371.700000
592.100000
682.200000
718.700000
725.800000
746.300000
554.200000
422.200000
229.800000
52.100000
0.000000
0.000000
0.000000
0.000000
0.000000
0.000000
0.000000
0.000000
0.000000
0.000000
1.300000
67.700000
247.500000
443.600000
631.200000
767.000000
834.900000
872.100000
812.800000
702.800000
568.600000
402.400000
220.900000
50.900000
0.000000
0.000000
0.000000
0.000000
0.000000
0.000000
0.000000
0.000000
0.000000
0.000000
0.100000
70.100000
169.500000
470.500000
563.500000
564.100000
728.400000
766.500000
827.900000
635.700000
525.000000
424.800000
219.600000
50.700000
0.000000
0.000000
0.000000
0.000000
0.000000
0.000000
0.000000
0.000000
0.000000
0.000000
0.100000
59.200000
264.200000
450.300000
625.000000
686.600000
829.400000
824.900000
786.700000
522.300000
353.400000
222.500000
112.900000
13.600000
0.000000
0.000000
0.000000
0.000000
0.000000
0.000000
0.000000
0.000000
0.000000
0.000000
0.000000
35.900000
102.000000
111.500000
229.700000
439.900000
670.000000
767.100000
594.900000
403.300000
121.500000
276.300000
79.700000
6.300000
0.000000
0.000000
0.000000
0.000000
0.000000
0.000000
0.000000
0.000000
0.000000
0.000000
0.000000
1.300000
6.700000
10.200000
19.900000
40.100000
103.700000
362.100000
507.000000
336.800000
100.800000
91.400000
56.400000
13.400000
0.000000
0.000000
0.000000
0.000000
0.000000
0.000000
0.000000
0.000000
0.000000
0.000000
0.000000
29.700000
183.800000
401.300000
584.600000
718.100000
793.000000
824.100000
762.300000
694.000000
559.900000
381.800000
180.900000
30.800000
0.000000
0.000000
0.000000
0.000000
0.000000
0.000000
0.000000
0.000000
0.000000
0.000000
0.000000
48.000000
212.100000
401.500000
577.200000
707.400000
716.000000
617.100000
702.300000
711.600000
522.400000
307.800000
149.100000
28.400000
0.000000
0.000000
0.000000
0.000000
0.000000
0.000000
0.000000
0.000000
0.000000
0.000000
0.000000
43.500000
208.300000
405.700000
578.900000
715.200000
803.400000
770.400000
804.700000
722.600000
551.900000
374.300000
173.200000
26.700000
0.000000
0.000000
0.000000
0.000000
0.000000
0.000000
0.000000
0.000000
0.000000
0.000000
0.000000
38.000000
184.200000
316.300000
527.400000
717.000000
563.000000
726.100000
650.400000
625.400000
506.700000
332.100000
158.700000
17.900000
0.000000
0.000000
0.000000
0.000000
0.000000
0.000000
0.000000
0.000000
0.000000
0.000000
0.000000
37.300000
187.800000
357.700000
343.200000
706.300000
770.700000
756.400000
745.800000
632.700000
528.300000
323.400000
155.000000
22.100000
0.000000
0.000000
0.000000
0.000000
0.000000
0.000000
0.000000
0.000000
0.000000
0.000000
1.000000
62.700000
95.900000
84.800000
163.100000
302.300000
686.700000
557.400000
516.000000
364.500000
498.600000
318.600000
136.000000
20.900000
0.000000
0.000000
0.000000
0.000000
0.000000
0.000000
0.000000
0.000000
0.000000
0.000000
0.000000
45.300000
197.100000
388.300000
564.500000
684.900000
769.500000
731.100000
695.100000
622.900000
522.500000
346.000000
152.800000
18.000000
0.000000
0.000000
0.000000
0.000000
0.000000
0.000000
0.000000
0.000000
0.000000
0.000000
0.000000
20.300000
176.700000
211.500000
469.100000
680.700000
612.700000
691.400000
677.300000
511.900000
224.000000
121.600000
57.900000
8.300000
0.000000
0.000000
0.000000
0.000000
0.000000
0.000000
0.000000
0.000000
0.000000
0.000000
0.000000
51.000000
87.900000
117.500000
202.900000
234.600000
282.200000
550.600000
537.000000
409.700000
506.900000
343.500000
142.500000
19.000000
0.000000
0.000000
0.000000
0.000000
0.000000
0.000000
0.000000
0.000000
0.000000
0.000000
0.000000
33.000000
185.800000
363.000000
508.000000
575.400000
672.200000
662.900000
641.300000
569.500000
427.400000
323.300000
118.700000
11.200000
0.000000
0.000000
0.000000
0.000000
0.000000
0.000000
0.000000
0.000000
0.000000
0.000000
0.000000
18.500000
82.600000
226.900000
358.400000
581.200000
691.500000
661.600000
686.800000
362.700000
290.500000
188.000000
103.200000
9.200000
0.000000
0.000000
0.000000
0.000000
0.000000
0.000000
0.000000
0.000000
0.000000
0.000000
0.000000
24.200000
91.100000
179.400000
262.400000
222.400000
367.800000
567.500000
682.900000
385.300000
243.600000
169.000000
62.400000
5.300000
0.000000
0.000000
0.000000
0.000000
0.000000
0.000000
0.000000
0.000000
0.000000
0.000000
0.000000
34.500000
182.400000
392.200000
509.400000
679.800000
726.600000
723.900000
678.200000
509.000000
447.100000
275.700000
120.200000
8.300000
0.000000
0.000000
0.000000
0.000000
0.000000
0.000000
0.000000
0.000000
0.000000
0.000000
0.000000
33.400000
172.700000
295.200000
446.700000
638.300000
732.700000
768.300000
736.000000
518.701000
479.900000
301.900000
104.000000
4.200000
0.000000
0.000000
0.000000
0.000000
0.000000
0.000000
0.000000
0.000000
0.000000
0.000000
0.000000
28.000000
187.800000
370.500000
549.100000
674.600000
755.000000
752.500000
710.000000
655.700000
389.200000
226.900000
94.000000
6.600000
0.000000
0.000000
0.000000
0.000000
0.000000
0.000000
0.000000
0.000000
0.000000
0.000000
0.000000
20.300000
126.500000
361.800000
517.400000
604.600000
627.900000
794.300000
767.000000
681.400000
519.400000
319.100000
137.200000
11.000000
0.000000
0.000000
0.000000
0.000000
0.000000
0.000000
0.000000
0.000000
0.000000
0.000000
0.500000
32.500000
160.400000
366.600000
548.900000
657.700000
756.900000
766.800000
720.400000
504.500000
409.300000
278.900000
99.800000
4.600000
0.000000
0.000000
0.000000
0.000000
0.000000
0.000000
0.000000
0.000000
0.000000
0.200000
0.000000
2.800000
46.400000
141.800000
242.000000
187.500000
113.900000
96.300000
109.600000
207.600000
316.800000
187.900000
121.700000
6.500000
0.000000
0.000000
0.000000
0.000000
0.000000
0.000000
0.000000
0.000000
0.000000
0.000000
0.000000
22.900000
170.200000
389.400000
381.700000
357.300000
351.800000
141.700000
94.500000
202.900000
146.400000
173.800000
150.100000
2.000000
0.000000
0.000000
0.000000
0.000000
0.000000
0.000000
0.000000
0.000000
0.000000
0.000000
0.000000
17.600000
99.600000
217.700000
390.000000
703.800000
755.700000
775.500000
750.400000
596.000000
491.900000
291.300000
91.500000
1.700000
0.000000
0.000000
0.000000
0.000000
0.000000
0.000000
0.000000
0.000000
0.000000
0.000000
0.000000
22.900000
179.600000
375.500000
388.400000
308.300000
579.600000
620.000000
632.400000
414.700000
227.400000
143.900000
52.900000
1.600000
0.000000
0.000000
0.000000
0.000000
0.300000
0.000000
0.000000
0.000000
0.000000
0.000000
0.000000
23.400000
144.500000
350.000000
538.700000
659.800000
540.800000
340.000000
273.500000
212.100000
111.200000
71.600000
31.200000
1.400000
0.000000
0.000000
0.000000
0.000000
0.000000
0.000000
0.000000
0.000000
0.000000
0.000000
0.000000
11.500000
110.800000
320.300000
330.600000
574.000000
441.500000
622.000000
728.200000
638.000000
424.900000
257.400000
84.000000
0.000000
0.000000
0.000000
0.000000
0.000000
0.000000
0.000000
0.000000
0.000000
0.000000
0.000000
0.000000
22.900000
158.800000
346.600000
516.201000
634.900000
694.900000
722.800000
684.700000
574.600000
441.700000
262.500000
84.400000
0.600000
0.000000
0.000000
0.000000
0.000000
0.000000
0.000000
0.000000
0.000000
0.000000
0.000000
0.000000
22.900000
179.700000
384.400000
558.800000
676.100000
744.100000
763.400000
728.600000
629.300000
472.300000
285.600000
90.300000
0.000000
0.000000
0.000000
0.000000
0.000000
0.000000
0.000000
0.000000
0.000000
0.000000
0.000000
0.000000
23.800000
172.300000
374.700000
532.100000
662.600000
717.300000
743.500000
721.100000
648.900000
480.700000
270.100000
67.100000
0.000000
0.000000
0.000000
0.000000
0.000000
0.000000
0.000000
0.000000
0.000000
0.000000
0.000000
0.000000
19.400000
157.900000
351.300000
521.900000
614.900000
544.600000
441.800000
335.200000
177.600000
365.100000
146.900000
27.100000
0.200000
0.000000
0.000000
0.000000
0.000000
2.400000
2.500000
0.900000
0.000000
0.000000
0.900000
1.700000
1.300000
5.300000
18.900000
51.000000
58.500000
174.600000
276.700000
200.500000
177.900000
92.700000
93.000000
70.800000
0.000000
0.000000
0.000000
0.000000
0.400000
0.000000
0.000000
0.000000
0.000000
0.000000
0.000000
0.000000
3.900000
23.100000
49.000000
126.600000
364.800000
222.000000
125.300000
227.100000
152.400000
106.200000
69.000000
18.900000
0.300000
0.000000
2.600000
1.900000
0.000000
0.000000
0.000000
0.000000
0.000000
0.000000
0.000000
0.000000
6.400000
43.000000
89.200000
157.000000
215.100000
357.700000
461.200000
212.100000
260.200000
152.700000
159.900000
64.300000
0.000000
0.000000
0.000000
0.000000
0.000000
0.000000
0.000000
0.000000
0.000000
0.000000
0.000000
0.000000
23.900000
93.300000
213.900000
443.700000
531.400000
556.800000
620.400000
411.600000
381.600000
178.300000
73.100000
20.700000
0.000000
0.000000
0.000000
0.000000
0.000000
0.000000
0.000000
0.000000
0.000000
0.000000
0.000000
0.000000
1.400000
13.500000
40.800000
171.600000
411.500000
336.600000
373.300000
280.700000
141.600000
66.500000
24.500000
6.100000
0.000000
0.000000
0.000000
0.000000
0.000000
0.000000
0.000000
0.000000
0.100000
0.000000
0.000000
0.000000
10.400000
138.100000
338.300000
335.000000
238.800000
255.000000
334.200000
414.900000
285.800000
181.600000
94.400000
35.100000
0.000000
0.000000
0.000000
0.000000
0.000000
0.000000
0.000000
0.000000
0.000000
0.000000
0.000000
0.000000
10.800000
134.700000
337.900000
516.300000
640.000000
706.700000
718.000000
670.000000
440.100000
282.900000
159.000000
57.800000
0.000000
0.000000
0.000000
0.000000
0.000000
0.000000
0.300000
0.000000
0.000000
0.000000
0.000000
0.000000
0.200000
4.800000
26.200000
40.400000
102.700000
100.200000
183.200000
116.500000
122.500000
164.500000
68.300000
17.200000
0.000000
0.000000
0.000000
0.000000
0.000000
0.000000
0.000000
0.000000
0.000000
0.000000
0.000000
0.000000
2.700000
73.300000
308.200000
482.900000
639.100000
715.200000
727.100000
676.800000
564.800000
401.900000
207.500000
37.200000
0.000000
0.000000
0.000000
0.000000
0.000000
0.000000
0.000000
0.000000
0.000000
0.000000
0.000000
0.000000
1.300000
25.800000
87.900000
177.800000
281.300000
375.100000
619.500000
659.000000
556.200000
370.800000
191.300000
31.100000
0.000000
0.000000
0.000000
0.000000
0.000000
0.000000
0.000000
0.000000
0.000000
0.000000
0.000000
0.000000
4.100000
34.500000
112.600000
188.200000
210.800000
210.100000
218.300000
183.200000
143.700000
72.300000
45.400000
10.300000
0.000000
0.000000
0.000000
0.000000
0.000000
0.000000
0.000000
0.000000
0.000000
0.000000
0.000000
0.000000
2.200000
55.600000
190.100000
225.300000
178.100000
164.900000
187.600000
314.200000
400.400000
140.300000
42.900000
9.800000
0.000000
0.000000
0.000000
0.000000
0.000000
0.000000
0.000000
0.000000
0.000000
0.000000
0.000000
0.000000
10.300000
88.400000
187.500000
344.600000
490.100000
286.900000
212.300000
128.600000
88.700000
54.500000
10.200000
4.700000
0.000000
0.000000
0.100000
0.000000
0.400000
0.400000
0.500000
0.300000
0.300000
0.200000
0.200000
0.100000
1.600000
26.700000
54.700000
67.000000
85.600000
95.900000
112.000000
77.300000
45.900000
18.300000
10.600000
1.800000
0.000000
0.000000
0.000000
0.000000
0.000000
0.000000
0.000000
0.000000
0.000000
0.000000
0.000000
0.000000
1.300000
23.100000
89.600000
132.600000
110.300000
99.400000
150.500000
122.200000
138.300000
75.500000
36.200000
6.100000
0.000000
0.000000
0.000000
0.000000
0.000000
0.300000
0.000000
0.000000
0.000000
0.000000
0.300000
0.000000
1.700000
31.900000
124.200000
195.900000
236.500000
259.800000
226.300000
298.300000
301.700000
149.100000
67.900000
7.800000
0.000000
0.000000
0.000000
0.000000
0.000000
0.000000
0.000000
0.000000
0.000000
0.000000
0.000000
0.000000
2.200000
33.900000
118.600000
129.600000
205.300000
241.700000
423.400000
396.700000
489.600000
362.500000
164.700000
19.100000
0.000000
0.000000
0.000000
0.000000
0.000000
0.000000
0.000000
0.000000
0.000000
0.000000
0.000000
0.000000
3.500000
98.700000
281.000000
454.200000
580.600000
649.800000
658.800000
607.400000
496.100000
338.100000
152.100000
18.100000
0.000000
0.000000
0.000000
0.000000
0.000000
0.000000
0.000000
0.000000
0.000000
0.000000
0.000000
0.000000
2.200000
92.000000
272.600000
437.900000
561.000000
628.600000
619.300000
528.000000
329.800000
230.100000
73.600000
10.200000
0.000000
0.000000
0.000000
0.000000
0.000000
0.500000
0.000000
0.100000
0.100000
0.000000
0.000000
0.000000
1.600000
24.400000
55.000000
65.100000
79.900000
116.400000
106.300000
105.200000
95.200000
50.200000
22.500000
1.100000
0.000000
0.000000
0.000000
0.000000
0.000000
0.000000
0.000000
0.800000
1.200000
0.600000
0.000000
0.000000
3.200000
15.900000
15.000000
50.700000
69.400000
114.600000
116.100000
65.800000
55.100000
49.300000
18.400000
1.100000
0.000000
0.100000
0.200000
0.100000
0.200000
0.000000
0.100000
0.000000
0.100000
0.100000
0.100000
0.000000
0.200000
7.800000
22.700000
38.900000
83.600000
99.300000
85.900000
91.000000
85.400000
44.100000
7.200000
0.400000
0.000000
0.000000
0.100000
0.000000
0.000000
0.000000
0.000000
0.100000
0.100000
0.200000
0.200000
0.100000
1.000000
19.600000
76.200000
78.300000
224.000000
293.000000
255.400000
345.000000
435.500000
326.200000
140.200000
11.700000
0.000000
0.000000
0.000000
0.000000
0.000000
0.000000
0.000000
0.000000
0.000000
0.000000
0.000000
0.000000
3.200000
129.200000
140.900000
124.700000
308.000000
260.000000
279.500000
91.100000
71.300000
47.300000
67.600000
14.800000
0.000000
0.000000
0.000000
0.000000
0.000000
0.000000
0.000000
0.000000
0.000000
0.700000
0.800000
0.000000
1.100000
90.500000
254.500000
259.900000
330.900000
329.600000
214.100000
233.800000
164.500000
85.500000
24.700000
2.100000
0.000000
0.000000
0.000000
0.000000
0.000000
0.000000
0.000000
0.000000
0.000000
0.000000
0.000000
0.000000
0.300000
54.500000
247.400000
409.800000
540.600000
567.800000
605.900000
465.500000
463.900000
297.400000
120.100000
6.100000
0.000000
0.000000
0.000000
0.000000
0.000000
0.000000
0.000000
0.000000
0.000000
0.000000
0.000000
0.000000
0.300000
82.100000
257.500000
431.700000
557.200000
625.300000
635.900000
574.300000
463.400000
301.900000
85.400000
3.100000
0.000000
0.000000
0.000000
0.000000
0.000000
0.000000
0.000000
0.000000
0.000000
0.000000
0.000000
0.000000
0.900000
39.600000
125.200000
189.000000
234.000000
286.100000
239.800000
114.900000
120.900000
176.300000
24.700000
0.500000
0.000000
0.000000
0.000000
0.000000
0.000000
0.000000
0.000000
0.000000
0.000000
0.000000
0.000000
0.000000
0.200000
5.900000
10.500000
27.300000
99.100000
56.800000
59.400000
89.800000
51.100000
37.500000
21.100000
1.400000
0.000000
0.000000
0.000000
0.000000
0.000000
0.200000
0.200000
0.000000
0.000000
0.000000
0.000000
0.000000
0.000000
9.900000
80.400000
180.200000
345.800000
281.400000
173.600000
127.400000
87.000000
164.800000
74.600000
5.300000
0.000000
0.000000
0.000000
0.000000
0.000000
0.000000
0.000000
0.000000
0.000000
0.000000
0.000000
0.000000
0.000000
66.800000
229.300000
285.600000
250.000000
482.600000
587.500000
533.800000
423.200000
267.400000
97.400000
1.700000
0.000000
0.000000
0.000000
0.700000
0.000000
0.000000
0.000000
0.000000
0.000000
0.000000
0.000000
0.000000
0.000000
60.500000
222.400000
389.900000
518.100000
574.300000
578.700000
477.600000
429.700000
248.900000
60.400000
1.400000
0.000000
0.000000
0.000000
0.000000
0.000000
0.000000
0.000000
0.000000
0.000000
0.000000
0.000000
0.000000
0.000000
14.900000
136.400000
183.100000
288.100000
336.300000
347.900000
296.700000
252.000000
253.900000
61.000000
0.000000
0.000000
0.000000
0.000000
0.000000
0.000000
0.000000
0.000000
0.000000
0.000000
0.000000
0.000000
0.000000
0.000000
35.800000
151.200000
267.900000
211.500000
94.100000
112.900000
67.000000
83.700000
158.000000
88.300000
0.300000
0.000000
0.000000
0.000000
0.000000
0.000000
0.000000
0.000000
0.000000
0.000000
0.000000
0.000000
0.000000
0.000000
54.400000
215.300000
382.000000
507.100000
575.200000
582.400000
528.800000
416.100000
258.400000
86.600000
0.000000
0.000000
0.000000
0.000000
0.000000
0.000000
0.000000
0.000000
0.000000
0.000000
0.000000
0.000000
0.000000
0.000000
51.000000
205.600000
368.100000
488.800000
557.200000
563.500000
512.701000
403.500000
250.200000
83.800000
0.000000
0.000000
0.000000
0.000000
0.000000
0.000000
0.000000
0.000000
0.000000
0.000000
0.000000
0.000000
0.000000
0.000000
54.900000
205.400000
360.400000
275.800000
427.100000
354.700000
332.900000
231.100000
172.300000
81.800000
0.000000
0.000000
0.000000
0.000000
0.000000
0.000000
0.000000
0.000000
0.000000
0.000000
0.000000
0.000000
0.000000
0.000000
46.700000
193.600000
356.800000
481.300000
552.700000
559.000000
501.900000
390.700000
234.100000
73.000000
0.000000
0.000000
0.000000
0.000000
0.000000
0.000000
0.000000
0.000000
0.000000
0.000000
0.000000
0.000000
0.000000
0.000000
48.900000
192.600000
364.500000
477.200000
541.400000
403.400000
479.300000
377.000000
180.100000
47.400000
0.000000
0.000000
0.000000
0.000000
0.000000
0.000000
0.000000
0.000000
0.000000
0.000000
0.000000
0.000000
0.000000
0.000000
35.000000
126.700000
305.100000
360.000000
367.700000
533.400000
425.600000
281.800000
139.400000
33.900000
0.300000
0.000000
0.000000
0.000000
0.000000
0.000000
0.000000
0.000000
0.000000
0.000000
0.000000
0.000000
0.000000
0.000000
40.200000
181.900000
343.300000
465.000000
530.800000
524.900000
449.900000
370.900000
176.600000
49.000000
0.100000
0.000000
0.000000
0.000000
0.000000
0.000000
0.000000
0.000000
0.000000
0.000000
0.000000
0.000000
0.000000
0.000000
33.200000
167.700000
330.600000
450.900000
509.600000
504.300000
466.100000
324.800000
203.100000
53.600000
0.000000
0.000000
0.000000
0.000000
0.000000
0.000000
0.000000
0.000000
0.000000
0.100000
0.100000
0.000000
0.000000
0.000000
12.300000
73.200000
222.800000
246.600000
240.000000
244.200000
237.800000
183.900000
211.400000
69.300000
0.000000
0.000000
0.000000
0.000000
0.000000
0.000000
0.000000
0.000000
0.000000
0.000000
0.000000
0.000000
0.000000
0.400000
4.100000
20.200000
33.700000
61.200000
66.500000
54.800000
26.300000
32.900000
19.300000
5.100000
0.000000
0.000000
0.000000
0.000000
0.000000
0.000000
0.000000
0.000000
0.000000
0.000000
0.000000
0.000000
0.000000
0.000000
15.600000
84.200000
251.600000
440.300000
389.100000
278.200000
327.800000
263.000000
165.400000
37.000000
0.000000
0.000000
0.000000
0.000000
0.000000
0.000000
0.000000
0.000000
0.000000
0.000000
0.000000
0.000000
0.000000
0.000000
14.600000
75.700000
113.400000
142.100000
143.400000
142.100000
269.000000
110.300000
50.200000
15.200000
0.000000
0.000000
0.000000
0.000000
0.000000
0.000000
0.000000
0.000000
0.000000
0.000000
0.000000
0.000000
0.000000
0.000000
5.300000
27.600000
64.000000
116.400000
148.400000
114.700000
139.800000
99.900000
39.000000
23.900000
0.000000
0.000000
0.000000
0.000000
0.000000
0.000000
0.000000
0.000000
0.000000
0.000000
0.000000
0.000000
0.000000
0.000000
11.600000
105.400000
311.400000
446.800000
508.500000
519.100000
469.800000
359.400000
213.600000
60.300000
0.000000
0.000000
0.000000
0.000000
0.000000
0.000000
0.000000
0.000000
0.000000
0.000000
0.000000
0.000000
0.000000
0.000000
12.100000
61.200000
124.900000
109.500000
300.600000
169.200000
146.700000
127.700000
84.700000
21.500000
0.000000
0.000000
0.000000
0.000000
0.400000
0.200000
0.000000
0.000000
0.000000
0.000000
0.000000
0.000000
0.000000
0.000000
8.400000
56.200000
113.900000
173.000000
273.400000
359.900000
214.000000
243.000000
177.200000
46.700000
0.000000
0.000000
0.000000
0.000000
0.000000
0.000000
0.000000
0.000000
0.000000
0.000000
0.000000
0.000000
0.000000
0.000000
28.100000
141.000000
310.200000
434.100000
505.400000
514.400000
460.500000
349.300000
199.500000
51.500000
0.000000
0.000000
0.000000
0.000000
0.000000
0.000000
0.000000
0.000000
0.000000
0.000000
0.000000
0.000000
0.000000
0.000000
26.900000
133.000000
291.800000
402.600000
474.400000
433.700000
188.900000
204.500000
75.500000
9.700000
0.000000
0.000000
0.000000
0.000000
0.000000
0.000000
0.000000
0.000000
0.000000
0.000000
0.000000
0.000000
0.000000
0.000000
3.600000
105.600000
181.100000
282.500000
265.700000
199.500000
233.800000
147.300000
73.800000
21.000000
0.000000
0.000000
0.000000
0.000000
0.000000
0.000000
0.000000
0.000000
0.000000
0.000000
0.000000
0.000000
0.000000
0.000000
13.300000
118.600000
95.100000
88.400000
75.300000
65.200000
90.200000
79.700000
35.100000
4.600000
0.000000
0.000000
0.000000
0.500000
0.800000
1.400000
0.400000
0.000000
0.000000
0.000000
0.000000
0.000000
0.000000
0.000000
2.300000
16.500000
39.700000
41.200000
42.500000
43.800000
75.400000
74.800000
71.000000
65.200000
0.000000
0.000000
0.000000
0.000000
0.000000
0.000000
0.000000
0.000000
0.000000
0.000000
0.100000
0.200000
0.000000
0.000000
4.000000
113.900000
292.500000
397.700000
425.500000
462.700000
359.600000
246.300000
138.600000
56.800000
0.000000
0.000000
0.000000
0.000000
0.000000
0.000000
0.000000
0.000000
0.000000
0.000000
0.000000
0.000000
0.000000
0.000000
13.400000
121.900000
290.700000
412.900000
483.200000
492.100000
379.200000
340.200000
194.000000
44.100000
0.000000
0.000000
0.000000
0.000000
0.000000
0.000000
0.000000
0.000000
0.000000
0.000000
0.000000
0.000000
0.000000
0.000000
16.400000
125.200000
278.800000
399.800000
472.100000
495.900000
420.200000
303.100000
186.300000
55.100000
0.000000
0.000000
0.000000
0.000000
0.000000
0.000000
0.000000
0.000000
0.000000
0.000000
0.000000
0.000000
0.000000
0.000000
10.000000
109.100000
272.800000
393.400000
446.300000
489.800000
423.300000
259.101000
152.300000
42.900000
0.000000
0.000000
0.000000
0.000000
0.000000
0.000000
0.000000
0.000000
0.000000
0.000000
0.000000
0.000000
0.000000
0.000000
6.000000
53.700000
257.101000
393.800000
467.100000
481.600000
427.900000
328.500000
184.700000
45.900000
0.000000
0.000000
0.000000
0.000000
0.000000
0.000000
0.000000
0.000000
0.000000
0.000000
0.000000
0.000000
0.000000
0.000000
22.800000
116.000000
295.100000
384.500000
461.500000
475.700000
432.000000
329.500000
185.100000
44.400000
0.000000
0.000000
0.000000
0.000000
0.000000
0.000000
0.000000
0.000000
0.000000
0.000000
0.000000
0.000000
0.000000
0.000000
10.300000
114.400000
268.300000
394.600000
473.400000
431.400000
431.200000
324.300000
180.900000
47.700000
0.000000
0.000000
0.000000
0.000000
0.000000
0.000000
0.000000
0.000000
0.000000
0.000000
0.000000
0.000000
0.000000
0.000000
5.800000
75.700000
214.400000
319.700000
273.400000
378.000000
440.800000
333.700000
189.400000
43.000000
0.000000
0.000000
0.000000
0.000000
0.000000
0.000000
0.000000
0.000000
0.000000
0.000000
0.000000
0.000000
0.000000
0.000000
4.600000
104.400000
252.900000
381.700000
345.700000
306.700000
254.800000
149.100000
67.600000
20.800000
0.000000
0.000000
0.000000
0.000000
0.000000
0.000000
0.000000
0.000000
0.000000
0.000000
0.000000
0.000000
0.000000
0.000000
11.300000
111.000000
251.000000
232.900000
236.500000
203.000000
207.200000
203.700000
173.200000
41.800000
0.000000
0.000000
0.000000
0.000000
0.000000
0.000000
0.000000
0.000000
0.000000
0.000000
0.000000
0.000000
0.000000
0.000000
10.100000
105.300000
273.300000
384.900000
462.900000
475.700000
395.800000
322.800000
148.700000
21.700000
0.000000
0.000000
0.000000
0.000000
0.000000
0.000000
0.000000
0.000000
0.000000
0.000000
0.000000
0.000000
0.000000
0.000000
2.700000
28.400000
57.800000
86.100000
145.500000
202.900000
157.500000
70.200000
26.200000
6.300000
0.000000
0.000000
0.000000
0.000000
0.000000
0.000000
0.000000
0.000000
0.000000
0.000000
0.000000
0.000000
0.000000
0.000000
8.000000
122.200000
251.000000
368.700000
419.400000
349.000000
322.300000
202.100000
122.300000
26.700000
0.000000
0.000000
0.000000
0.000000
0.000000
0.000000
0.000000
0.000000
0.000000
0.000000
0.000000
0.000000
0.000000
0.000000
1.800000
28.300000
80.100000
101.500000
91.700000
187.000000
206.100000
126.800000
67.000000
17.400000
0.000000
0.000000
0.000000
0.000000
0.000000
0.000000
0.000000
0.000000
0.000000
0.000000
0.000000
0.000000
0.000000
0.000000
4.900000
94.800000
251.200000
394.800000
478.900000
495.400000
450.600000
343.900000
193.200000
47.400000
0.000000
0.000000
0.000000
0.000000
0.000000
0.000000
0.000000
0.000000
0.000000
0.000000
0.000000
0.000000
0.000000
0.000000
6.400000
99.500000
257.400000
398.500000
481.300000
500.500000
456.600000
349.700000
195.900000
49.600000
0.000000
0.000000
0.000000
0.000000
0.000000
0.000000
0.000000
0.000000
0.000000
0.000000
0.000000
0.000000
0.000000
0.000000
4.600000
94.800000
245.400000
379.300000
462.300000
483.600000
442.400000
337.300000
186.200000
42.700000
0.000000
0.000000
0.000000
0.000000
0.000000
0.000000
0.000000
0.000000
0.000000
0.000000
0.200000
1.200000
1.000000
0.500000
2.800000
48.300000
234.100000
381.900000
289.200000
241.600000
198.800000
180.000000
85.300000
21.000000
0.100000
0.000000
0.000000
0.000000
0.000000
0.000000
0.000000
0.000000
0.000000
0.000000
0.000000
0.000000
0.000000
0.000000
2.800000
34.900000
87.800000
144.100000
264.129000
290.217000
243.571000
102.100000
62.300000
13.500000
0.000000
0.500000
0.600000
0.400000
0.000000
0.000000
0.100000
0.000000
0.000000
0.000000
0.000000
0.000000
0.000000
0.000000
2.100000
35.600000
141.300000
184.100000
273.000000
335.000000
403.700000
243.800000
116.600000
26.300000
0.000000
0.000000
0.000000
0.000000
0.000000
0.000000
0.000000
0.000000
0.000000
0.000000
0.000000
0.000000
0.000000
0.000000
4.600000
102.200000
258.500000
394.700000
484.200000
502.800000
451.000000
347.100000
196.600000
50.100000
0.000000
0.000000
0.000000
0.000000
0.000000
0.000000
0.000000
0.000000
0.000000
0.000000
0.000000
0.000000
0.000000
0.000000
2.000000
60.600000
245.800000
371.600000
400.900000
358.600000
205.900000
172.700000
98.300000
30.400000
0.000000
0.000000
0.000000
0.000000
0.000000
0.000000
0.000000
0.000000
0.000000
0.000000
0.000000
0.000000
0.000000
0.000000
3.400000
96.300000
201.000000
359.400000
341.300000
249.500000
289.300000
195.800000
120.900000
32.201000
0.000000
0.000000
0.000000
0.000000
0.000000
0.000000
0.000000
0.000000
0.000000
0.000000
0.000000
0.000000
0.000000
0.000000
2.000000
36.400000
144.200000
273.300000
353.200000
356.900000
319.700000
246.000000
79.900000
25.700000
0.200000
0.000000
0.000000
0.000000
0.000000
0.000000
0.000000
0.000000
0.000000
0.000000
0.000000
0.000000
0.000000
0.000000
0.800000
20.700000
61.300000
103.900000
133.300000
155.100000
145.300000
121.000000
64.401000
15.600000
0.000000
0.000000
0.000000
0.000000
0.000000
0.000000
0.000000
0.000000
0.000000
0.000000
0.000000
0.000000
0.000000
0.000000
1.500000
44.200000
188.400000
349.800000
329.800000
246.000000
168.300000
105.500000
85.600000
24.700000
0.000000
0.000000
0.000000
0.000000
0.000000
0.000000
0.000000
0.000000
0.000000
0.000000
0.000000
0.000000
0.000000
0.000000
1.200000
40.900000
120.000000
335.900000
375.800000
301.000000
219.900000
180.600000
73.300000
23.600000
0.000000
0.000000
0.000000
0.000000
0.000000
0.000000
0.000000
0.000000
0.000000
0.000000
0.100000
0.200000
0.000000
0.000000
0.800000
27.000000
85.400000
103.500000
130.500000
114.900000
100.500000
78.700000
57.900000
13.900000
0.000000
0.000000
0.000000
0.000000
0.000000
0.100000
0.200000
0.100000
0.000000
0.000000
0.000000
0.000000
0.000000
0.000000
0.400000
9.300000
27.800000
56.000000
79.800000
62.200000
67.800000
44.400000
32.500000
13.500000
0.200000
0.000000
0.000000
0.000000
0.000000
0.000000
0.000000
0.000000
0.000000
0.000000
0.000000
0.000000
0.000000
0.000000
0.000000
25.400000
45.800000
123.800000
139.900000
138.800000
120.900000
91.000000
56.700000
17.500000
0.000000
0.000000
0.000000
0.000000
0.000000
0.000000
0.000000
0.000000
0.000000
0.000000
0.000000
0.000000
0.000000
0.000000
0.700000
48.300000
109.000000
220.000000
261.000000
187.000000
114.500000
85.800000
58.600000
15.800000
0.000000
0.000000
0.000000
0.000000
0.000000
0.000000
0.000000
0.000000
0.000000
0.000000
0.000000
0.000000
0.000000
0.000000
1.600000
46.600000
149.800000
205.900000
233.000000
280.000000
240.000000
158.300000
121.000000
27.700000
0.000000
0.000000
0.000000
0.000000
0.000000
0.000000
0.000000
0.000000
0.000000
0.000000
0.000000
0.000000
0.000000
0.000000
0.000000
34.400000
130.000000
186.200000
254.500000
289.500000
284.400000
174.100000
117.500000
31.600000
0.000000
0.000000
0.000000
0.000000
0.000000
0.000000
0.000000
0.000000
0.000000
0.000000
0.000000
0.000000
0.000000
0.000000
0.000000
68.700000
224.400000
371.000000
350.200000
304.000000
242.200000
202.400000
131.400000
34.800000
0.000000
0.000000
0.000000
0.000000
0.000000
0.000000
0.000000
0.000000
0.000000
0.000000
0.000000
0.000000
0.000000
0.000000
0.900000
54.900000
203.400000
314.000000
402.600000
407.800000
317.600000
254.400000
130.500000
36.800000
0.100000
0.000000
0.000000
0.000000
0.100000
0.000000
0.000000
0.000000
0.000000
0.000000
0.000000
0.000000
0.200000
0.100000
0.800000
29.000000
94.500000
193.500000
207.900000
205.000000
131.400000
164.800000
137.900000
56.600000
0.300000
0.000000
0.000000
0.000000
0.000000
0.000000
0.000000