218.670000
219.205000
219.275000
221.205000
237.520000
249.270000
262.375000
248.245000
247.105000
241.020000
246.695000
266.225000
280.135000
276.580000
259.085000
249.245000
251.260000
243.350000
237.685000
233.390000
230.430000
230.600000
248.360000
276.290000
282.155000
285.050000
254.795000
256.046000
241.460000
239.970000
230.745000
228.230000
227.445000
232.535000
246.900000
252.100000
257.325000
258.570000
258.300000
256.840000
253.810000
249.320000
248.380000
250.740000
244.455000
244.200000
246.090000
277.835000
316.220000
316.250000
317.440000
317.500000
315.925000
312.525000
310.860000
308.020000
307.090000
309.515000
312.175000
312.245000
289.500000
283.755000
283.785000
276.490000
269.040000
266.555000
264.285000
264.865000
264.270000
262.435000
227.110000
215.130000
201.200000
195.850000
201.320000
229.145000
203.300000
185.780000
185.315000
187.810000
179.185000
181.015000
184.850000
187.820000
193.730000
198.705000
205.310000
196.815000
195.845000
190.990000
192.450000
197.630000
186.525000
183.565000
183.900000
183.760000
184.675000
186.000000
186.900000
186.665000
188.925000
190.265000
190.720000
193.460000
195.350000
202.055000
210.380000
217.330000
221.840000
224.945000
224.570000
221.620000
217.485000
213.195000
207.830000
204.320000
203.640000
201.815000
200.940000
200.375000
200.655000
203.305000
201.370000
202.430000
202.015000
203.400000
203.885000
203.305000
205.535000
217.405000
222.240000
233.470000
244.355000
248.050000
246.030000
243.835000
241.100000
247.125000
279.780000
274.580000
241.450000
229.335000
223.690000
230.320000
241.915000
271.290000
286.470000
283.635000
271.795000
267.665000
229.565000
202.690000
242.475000
251.890000
261.036000
274.260000
282.645000
289.210000
277.775000
264.875000
259.601000
231.875000
216.795000
213.450000
219.880000
212.190000
209.850000
212.840000
203.135000
212.245000
201.035000
235.905000
231.390000
258.710000
270.070000
273.805000
276.260000
279.225000
282.415000
279.215000
242.575000
236.255000
238.935000
237.945000
257.675000
254.075000
234.295000
236.900000
262.990000
239.085000
240.485000
242.820000
246.845000
245.870000
247.185000
255.315000
258.830000
261.421000
263.285000
276.140000
270.655000
283.570000
278.785000
286.560000
282.225000
285.025000
276.150000
285.380000
286.725000
282.695000
280.800000
278.235000
271.285000
272.335000
274.075000
267.525000
267.360000
266.730000
264.975000
262.890000
262.685000
261.705000
261.510000
261.820000
213.015000
199.095000
202.650000
205.430000
214.455000
207.060000
206.655000
207.130000
208.800000
247.030000
255.725000
239.120000
251.795000
263.995000
275.015000
271.215000
230.995000
225.910000
226.500000
224.450000
223.765000
222.005000
221.485000
221.140000
219.510000
222.305000
226.325000
237.075000
265.210000
288.400000
276.400000
285.430000
254.535000
232.070000
226.070000
222.120000
218.830000
227.895000
244.825000
266.475000
273.715000
288.480000
294.970000
295.255000
295.935000
295.430000
296.890000
298.535000
260.430000
250.585000
279.800000
283.835000
275.700000
288.520000
285.335000
268.390000
256.971000
250.890000
232.705000
190.460000
177.550000
172.215000
168.865000
168.275000
169.910000
176.190000
185.510000
186.655000
185.465000
178.615000
175.490000
177.315000
178.460000
184.170000
200.690000
211.650000
254.615000
260.990000
267.410000
271.430000
271.765000
270.850000
281.775000
279.250000
287.465000
297.435000
260.650000
266.115000
265.025000
299.880000
300.905000
289.820000
269.620000
195.245000
185.295000
190.625000
182.295000
175.305000
175.675000
179.185000
204.880000
193.820000
179.980000
173.705000
168.295000
169.320000
164.620000
157.260000
151.280000
147.540000
143.950000
141.915000
140.540000
140.245000
153.440000
153.875000
142.610000
138.155000
136.465000
140.030000
140.155000
141.305000
147.430000
153.225000
156.565000
159.610000
160.305000
159.080000
155.560000
154.305000
154.120000
155.615000
158.655000
165.600000
187.220000
203.475000
222.000000
230.970000
244.915000
246.415000
247.945000
249.430000
253.755000
253.680000
257.846000
260.500000
260.840000
227.530000
221.980000
223.035000
223.105000
221.755000
220.180000
218.200000
215.560000
223.290000
235.335000
243.775000
216.460000
217.295000
216.220000
225.390000
248.695000
232.880000
230.575000
234.790000
237.595000
245.715000
250.325000
282.380000
264.950000
268.855000
248.435000
260.275000
268.605000
268.780000
264.660000
266.935000
273.090000
268.775000
245.135000
239.915000
269.265000
258.455000
238.830000
234.725000
231.830000
228.395000
226.120000
224.755000
222.455000
223.840000
226.275000
234.870000
246.335000
256.000000
262.390000
274.955000
281.480000
277.520000
271.760000
268.555000
273.330000
261.666000
267.515000
296.100000
290.170000
286.540000
281.325000
279.390000
275.030000
231.825000
231.935000
262.815000
266.595000
259.275000
274.710000
279.470000
283.785000
290.255000
295.380000
298.685000
301.950000
303.360000
302.570000
295.800000
292.615000
292.110000
292.355000
291.265000
285.525000
290.345000
288.130000
287.890000
283.000000
277.400000
277.005000
275.370000
275.890000
275.925000
277.085000
278.345000
280.580000
283.675000
285.850000
281.450000
234.890000
226.495000
223.680000
221.380000
220.320000
221.985000
222.160000
222.965000
223.060000
220.390000
220.405000
217.560000
221.470000
223.085000
234.440000
239.350000
225.975000
224.290000
225.600000
232.645000
242.080000
250.095000
257.640000
262.885000
263.360000
260.546000
257.541000
253.070000
248.650000
247.845000
241.720000
238.675000
237.260000
233.990000
240.185000
239.195000
238.550000
240.315000
236.225000
233.950000
229.840000
228.765000
229.365000
236.070000
245.805000
255.600000
263.095000
268.515000
270.715000
274.025000
264.120000
258.075000
253.515000
253.085000
246.535000
247.245000
245.345000
244.695000
252.965000
252.700000
265.355000
256.205000
276.960000
280.450000
279.235000
271.285000
278.455000
279.165000
280.455000
279.845000
276.770000
268.180000
263.865000
263.535000
261.655000
261.375000
255.330000
218.680000
203.475000
188.390000
181.160000
178.070000
174.510000
173.255000
172.305000
172.005000
172.385000
171.750000
170.630000
170.500000
170.860000
175.435000
186.685000
202.345000
210.165000
211.700000
226.135000
258.510000
260.265000
257.695000
259.425000
257.971000
257.575000
256.440000
254.865000
252.305000
252.590000
251.225000
250.155000
248.285000
248.850000
249.375000
247.565000
222.075000
202.915000
205.150000
216.545000
216.505000
213.590000
235.130000
245.850000
245.525000
242.000000
230.075000
225.555000
246.380000
249.970000
254.450000
253.820000
245.920000
246.205000
236.575000
245.090000
249.560000
247.840000
245.805000
245.985000
244.170000
236.075000
247.960000
248.545000
245.380000
245.905000
250.555000
246.240000
232.220000
228.630000
210.970000
189.455000
188.525000
187.815000
190.190000
192.450000
230.965000
221.405000
227.190000
234.700000
237.625000
243.915000
245.200000
241.265000
236.735000
245.940000
248.620000
250.700000
254.085000
242.665000
221.695000
217.555000
247.455000
221.570000
192.990000
189.005000
187.025000
186.025000
191.495000
201.070000
210.800000
216.460000
215.715000
221.395000
222.425000
229.435000
229.460000
235.910000
237.070000
244.740000
244.315000
210.830000
223.030000
254.825000
253.325000
261.760000
245.895000
237.005000
232.485000
231.520000
230.605000
233.065000
263.630000
282.090000
239.860000
225.405000
224.130000
220.810000
221.150000
256.655000
280.460000
263.980000
229.685000
251.805000
244.640000
244.085000
228.040000
237.230000
237.535000
237.035000
234.415000
224.970000
218.720000
216.885000
216.520000
220.985000
227.040000
225.885000
255.885000
258.830000
236.535000
219.765000
220.300000
229.300000
260.810000
280.060000
279.100000
273.165000
285.690000
284.710000
301.705000
304.185000
289.115000
270.485000
243.430000
240.940000
240.500000
239.840000
240.435000
245.255000
244.900000
244.400000
245.370000
243.685000
245.255000
242.860000
243.050000
247.375000
248.440000
251.575000
243.250000
237.715000
242.240000
250.285000
259.916000
266.455000
271.410000
274.640000
274.685000
270.720000
265.005000
260.075000
255.480000
251.515000
249.435000
240.340000
235.065000
228.380000
226.365000
222.690000
220.800000
233.905000
261.690000
279.775000
282.850000
273.530000
275.975000
257.190000
251.570000
245.190000
244.545000
240.790000
233.680000
230.825000
256.971000
277.260000
232.315000
221.030000
215.950000
211.235000
207.360000
206.150000
206.655000
207.600000
208.145000
207.125000
205.765000
204.005000
204.000000
205.160000
213.490000
223.815000
230.065000
234.980000
236.285000
235.200000
231.735000
226.720000
222.635000
217.835000
212.285000
199.170000
199.025000
204.715000
215.015000
206.325000
182.845000
199.405000
220.695000
213.585000
220.110000
209.245000
209.540000
230.930000
231.825000
224.505000
228.950000
217.730000
202.615000
200.620000
198.155000
194.555000
192.420000
191.175000
188.610000
186.995000
186.180000
184.655000
183.880000
184.595000
185.350000
187.230000
191.290000
240.550000
212.440000
201.345000
201.130000
197.465000
200.705000
209.465000
215.950000
223.310000
228.045000
230.265000
230.330000
228.880000
226.785000
228.090000
227.185000
226.555000
228.295000
228.565000
224.100000
223.040000
221.495000
217.965000
220.275000
222.960000
220.585000
216.160000
217.400000
221.205000
228.225000
238.495000
249.885000
259.870000
267.415000
270.415000
270.055000
265.595000
256.755000
252.200000
249.500000
247.995000
242.885000
242.795000
245.695000
246.425000
244.385000
241.375000
238.610000
237.675000
237.845000
237.945000
255.010000
246.115000
257.215000
260.710000
274.810000
293.410000
303.455000
293.015000
300.245000
306.785000
306.615000
298.440000
281.370000
273.220000
269.370000
268.380000
268.325000
269.645000
267.895000
264.915000
262.145000
258.421000
253.035000
248.905000
247.695000
248.255000
257.255000
268.525000
280.160000
285.840000
288.865000
288.610000
286.815000
276.835000
266.815000
266.030000
265.280000
250.300000
239.775000
242.805000
248.765000
235.050000
233.745000
232.680000
233.225000
237.310000
237.440000
234.820000
239.870000
248.900000
250.215000
244.110000
262.000000
289.365000
294.525000
306.625000
313.445000
328.770000
333.885000
332.425000
331.055000
316.970000
301.760000
319.080000
328.150000
325.340000
311.130000
320.345000
331.890000
337.295000
338.870000
333.930000
318.425000
339.525000
349.430000
350.015000
348.350000
340.555000
332.650000
297.285000
298.025000
341.005000
336.160000
331.270000
330.910000
308.770000
290.265000
272.675000
268.305000
264.660000
261.000000
259.275000
256.585000
253.095000
249.730000
247.445000
246.045000
249.075000
257.880000
270.115000
276.785000
283.270000
293.170000
294.690000
298.310000
283.730000
275.360000
271.270000
271.055000
289.880000
291.410000
290.965000
292.475000
298.110000
295.680000
300.130000
295.135000
292.505000
267.240000
275.070000
289.550000
276.620000
303.135000
306.320000
307.715000
300.140000
257.416000
251.870000
250.875000
247.775000
245.035000
253.965000
259.450000
265.170000
277.200000
283.315000
286.730000
287.640000
291.225000
282.760000
232.085000
226.055000
223.370000
220.275000
216.410000
215.835000
223.595000
236.745000
252.870000
252.470000
251.310000
249.935000
249.650000
248.360000
240.160000
235.020000
232.325000
230.440000
229.890000
229.890000
229.970000
255.105000
281.060000
290.055000
280.100000
277.300000
289.645000
289.860000
289.255000
291.295000
289.185000
289.340000
289.970000
290.815000
290.140000
287.175000
282.945000
275.700000
278.955000
273.580000
249.590000
256.750000
218.600000
199.920000
200.915000
199.385000
200.760000
208.115000
220.610000
234.425000
236.250000
239.220000
241.775000
251.535000
257.411000
236.240000
221.300000
232.185000
263.220000
273.900000
261.645000
246.520000
230.515000
237.850000
235.845000
254.475000
258.740000
266.950000
251.300000
250.790000
271.090000
272.860000
277.915000
277.275000
261.340000
261.150000
234.925000
260.080000
229.525000
223.875000
226.230000
226.370000
232.900000
230.450000
225.120000
231.380000
216.685000
245.035000
272.755000
264.590000
267.925000
274.595000
253.465000
209.365000
206.090000
206.255000
204.225000
205.385000
206.570000
207.935000
208.345000
211.510000
217.675000
224.180000
230.485000
238.295000
247.085000
244.575000
241.830000
240.905000
237.820000
236.110000
236.300000
237.015000
238.210000
240.055000
240.465000
241.310000
241.665000
240.950000
240.100000
242.215000
242.565000
242.590000
243.125000
246.490000
273.915000
322.110000
324.575000
327.260000
327.740000
324.335000
275.205000
271.465000
278.985000
281.975000
274.415000
259.820000
256.250000
250.155000
256.800000
285.990000
303.245000
300.570000
293.470000
288.770000
284.320000
280.300000
278.610000
279.520000
280.910000
279.265000
267.010000
268.000000
249.865000
225.445000
216.920000
211.475000
206.860000
204.095000
200.610000
197.135000
193.300000
190.175000
186.605000
183.615000
181.380000
179.845000
178.830000
179.300000
185.580000
182.495000
184.145000
185.110000
193.150000
204.875000
213.245000
219.175000
226.560000
228.795000
230.330000
229.920000
228.730000
225.280000
222.480000
222.305000
222.695000
226.325000
237.675000
237.075000
224.470000
219.115000
267.910000
270.065000
277.055000
281.480000
281.785000
259.416000
263.445000
274.710000
283.745000
296.795000
275.305000
280.905000
272.920000
271.985000
278.235000
282.975000
268.645000
268.615000
279.250000
273.010000
259.346000
217.920000
194.885000
212.185000
211.855000
221.695000
191.215000
188.540000
188.185000
192.120000
205.770000
213.610000
222.000000
221.615000
220.805000
214.620000
211.635000
207.405000
204.365000
201.450000
199.250000
199.825000
199.435000
200.370000
199.865000
198.290000
197.135000
196.085000
195.710000
196.790000
197.175000
196.245000
196.745000
201.315000
208.345000
215.500000
223.855000
228.005000
230.960000
231.970000
231.340000
223.970000
225.450000
227.230000
221.430000
219.450000
217.725000
214.135000
212.440000
213.615000
210.175000
206.800000
204.460000
203.200000
203.555000
203.040000
204.885000
208.575000
216.865000
226.590000
235.295000
261.671000
280.045000
269.580000
272.250000
282.790000
271.410000
255.820000
290.940000
282.030000
285.725000
289.925000
285.055000
292.835000
290.730000
265.840000
267.410000
273.065000
251.605000
265.305000
251.310000
245.560000
255.535000
268.040000
277.835000
285.850000
290.680000
292.070000
290.620000
289.180000
283.885000
276.325000
272.620000
268.705000
269.430000
270.890000
316.340000
315.685000
305.885000
282.485000
281.265000
270.740000
264.805000
272.015000
260.360000
259.020000
267.155000
274.320000
280.600000
285.705000
288.415000
290.455000
294.265000
292.855000
283.685000
270.570000
271.810000
265.350000
265.610000
259.905000
274.740000
280.785000
287.790000
292.260000
315.460000
320.715000
304.560000
300.325000
313.545000
330.020000
326.100000
323.350000
319.325000
318.955000
314.625000
305.415000
287.855000
242.530000
257.546000
247.150000
236.120000
236.270000
247.665000
251.760000
254.495000
230.880000
197.455000
203.205000
230.955000
239.805000
242.350000
240.020000
243.535000
246.645000
246.420000
251.445000
265.105000
274.250000
268.940000
274.670000
275.810000
274.685000
272.550000
271.975000
270.375000
268.080000
265.675000
265.205000
263.345000
258.485000
255.665000
253.480000
252.205000
250.650000
247.330000
243.165000
247.330000
239.940000
236.380000
206.365000
203.790000
207.245000
209.120000
207.245000
204.690000
200.370000
197.375000
194.630000
193.000000
190.960000
189.250000
184.920000
182.760000
182.190000
179.570000
177.185000
174.720000
172.715000
172.310000
168.670000
168.445000
170.640000
178.205000
185.755000
191.835000
198.290000
204.535000
214.890000
235.755000
246.725000
242.475000
228.260000
199.845000
216.275000
245.565000
244.950000
228.340000
200.905000
203.510000
221.545000
246.545000
199.840000
199.700000
202.680000
218.200000
243.110000
257.510000
260.445000
250.710000
259.125000
263.250000
267.770000
265.590000
243.590000
240.750000
225.855000
222.905000
227.480000
226.275000
225.610000
225.645000
220.160000
220.905000
257.905000
272.000000
271.740000
280.060000
280.375000
273.260000
272.285000
270.305000
282.485000
257.356000
254.135000
248.825000
248.605000
252.300000
251.945000
265.685000
259.346000
249.140000
248.745000
239.000000
238.450000
238.865000
239.215000
239.600000
240.340000
238.850000
238.215000
238.335000
238.525000
240.360000
246.315000
256.596000
264.345000
271.240000
280.425000
285.355000
285.345000
284.500000
280.530000
273.735000
266.370000
261.606000
261.280000
263.155000
267.415000
272.815000
275.095000
275.970000
277.680000
276.530000
273.870000
275.580000
283.365000
268.315000
270.155000
289.310000
295.985000
303.580000
307.780000
313.025000
316.910000
317.340000
305.405000
298.200000
291.660000
284.000000
278.840000
282.300000
268.040000
265.410000
260.760000
255.305000
249.795000
246.790000
249.140000
250.610000
276.865000
278.575000
251.415000
268.640000
277.355000
277.155000
285.290000
297.145000
300.395000
293.450000
287.180000
293.730000
287.480000
283.660000
308.855000
325.095000
329.620000
329.795000
334.985000
333.225000
329.100000
327.505000
327.070000
325.915000
325.310000
323.725000
322.680000
323.100000
319.710000
318.295000
314.260000
309.745000
305.120000
302.925000
302.610000
301.720000
303.330000
304.065000
304.865000
305.515000
306.075000
305.850000
306.215000
306.785000
307.355000
305.715000
303.925000
303.395000
302.770000
302.365000
300.285000
300.590000
301.805000
304.650000
301.670000
304.175000
318.970000
318.915000
318.170000
317.050000
314.850000
313.655000
269.155000
243.830000
255.715000
272.845000
279.185000
292.530000
303.530000
305.730000
305.960000
306.125000
305.860000
306.415000
307.600000
309.695000
311.930000
313.075000
314.165000
313.315000
316.745000
319.545000
323.630000
326.530000
323.395000
316.740000
314.350000
308.810000
303.450000
300.450000
300.720000
302.195000
302.455000
300.035000
296.380000
294.010000
290.090000
283.960000
281.865000
279.165000
276.080000
269.455000
264.880000
263.875000
265.585000
262.145000
255.290000
232.820000
205.930000
190.365000
188.490000
185.825000
183.125000
181.395000
180.115000
178.520000
177.660000
177.605000
178.800000
178.905000
179.015000
178.645000
183.400000
189.610000
200.010000
206.430000
215.715000
214.070000
216.190000
214.350000
212.055000
200.540000
199.485000
201.565000
200.605000
200.770000
199.535000
193.360000
191.960000
191.965000
192.300000
193.970000
190.505000
189.725000
190.140000
197.670000
206.955000
208.615000
228.615000
239.810000
230.430000
249.165000
281.655000
284.860000
274.860000
281.405000
276.455000
288.945000
290.850000
290.810000
290.790000
289.950000
289.340000
289.330000
288.820000
289.380000
287.515000
286.715000
288.725000
274.965000
230.290000
238.105000
248.445000
256.650000
262.345000
265.510000
264.420000
260.981000
256.425000
248.405000
243.010000
239.215000
237.000000
233.785000
230.950000
227.120000
225.965000
224.525000
224.575000
224.650000
222.800000
221.295000
220.750000
221.385000
231.665000
244.220000
253.920000
262.610000
270.550000
274.840000
276.515000
278.415000
278.530000
273.485000
267.175000
261.710000
258.940000
256.601000
254.670000
252.540000
253.320000
252.975000
252.055000
252.220000
255.510000
289.955000
259.640000
252.390000
272.230000
281.540000
292.075000
309.810000
297.775000
299.485000
308.660000
300.265000
296.510000
285.390000
278.390000
273.770000
269.670000
268.395000
268.625000
268.135000
265.975000
264.785000
262.910000
258.726000
260.981000
276.250000
286.140000
271.670000
266.845000
282.435000
298.120000
313.730000
324.185000
330.555000
333.105000
333.230000
328.445000
320.535000
313.295000
304.670000
300.070000
299.835000
297.055000
296.550000
294.190000
289.145000
285.330000
282.190000
280.785000
280.455000
279.385000
286.975000
292.730000
296.545000
299.325000
307.350000
313.525000
312.195000
311.090000
306.700000
301.195000
295.120000
288.120000
282.610000
280.445000
276.195000
272.610000
269.325000
266.310000
275.840000
310.195000
306.480000
307.255000
300.290000
291.385000
311.575000
301.980000
291.995000
309.110000
323.475000
342.185000
320.150000
298.850000
293.715000
290.765000
280.720000
272.825000
269.440000
265.535000
261.180000
257.085000
253.670000
251.265000
251.600000
268.675000
284.815000
280.870000
262.355000
246.415000
246.495000
254.680000
267.010000
282.705000
289.705000
292.895000
296.720000
297.005000
293.845000
288.040000
283.370000
276.340000
272.675000
268.190000
264.105000
259.275000
260.046000
254.880000
256.645000
278.350000
262.750000
259.130000
261.945000
262.575000
266.310000
284.360000
337.075000
343.880000
347.030000
351.145000
352.865000
354.620000
354.600000
349.455000
335.915000
301.840000
342.735000
318.765000
279.275000
279.165000
277.665000
274.565000
273.035000
271.970000
270.500000
270.005000
268.615000
267.070000
271.005000
283.850000
298.195000
314.340000
320.750000
327.555000
332.280000
334.285000
333.455000
331.750000
327.085000
320.075000
313.085000
308.690000
308.500000
304.950000
300.845000
299.150000
302.590000
298.565000
294.995000
310.635000
340.960000
339.855000
342.120000
329.810000
332.040000
342.500000
346.235000
362.470000
367.855000
373.225000
381.985000
379.155000
375.565000
376.905000
366.415000
364.170000
364.890000
366.385000
364.330000
369.505000
372.320000
359.100000
320.470000
334.525000
341.850000
362.415000
369.250000
372.890000
377.910000
379.915000
382.255000
383.880000
384.665000
386.160000
378.300000
366.980000
326.215000
299.240000
291.270000
277.490000
270.045000
263.095000
257.965000
253.295000
246.815000
242.155000
240.650000
238.315000
237.215000
235.635000
237.565000
243.945000
252.145000
264.840000
280.045000
303.950000
306.735000
308.035000
306.190000
303.565000
302.365000
299.650000
297.615000
292.635000
282.665000
292.335000
292.130000
292.275000
290.905000
287.170000
245.445000
227.610000
225.015000
220.090000
221.860000
229.575000
236.395000
245.825000
256.515000
268.860000
274.980000
277.590000
281.200000
294.020000
312.345000
315.935000
325.260000
324.790000
319.180000
299.295000
316.060000
308.390000
312.045000
304.270000
298.655000
306.100000
306.300000
291.835000
299.585000
309.420000
294.480000
300.480000
290.560000
300.910000
301.670000
295.630000
253.510000
252.485000
248.725000
241.420000
259.685000
275.455000
269.850000
257.000000
247.690000
228.800000
220.685000
216.880000
214.210000
222.150000
255.985000
211.965000
223.515000
237.350000
235.910000
258.395000
249.060000
246.165000
247.345000
252.010000
256.130000
263.130000
256.870000
249.935000
239.370000
239.120000
239.310000
239.165000
228.045000
228.140000
221.880000
222.560000
236.500000
255.570000
252.600000
251.130000
270.875000
246.535000
252.025000
270.385000
245.060000
247.090000
252.275000
253.090000
246.655000
240.840000
236.340000
232.200000
236.245000
250.925000
230.580000
225.080000
221.450000
218.935000
219.440000
218.570000
217.455000
216.080000
215.630000
213.965000
219.965000
233.745000
246.285000
258.075000
266.555000
272.370000
282.020000
284.655000
278.675000
276.575000
269.795000
268.510000
270.215000
273.670000
273.475000
271.210000
268.185000
266.770000
260.161000
256.356000
257.356000
257.065000
255.595000
256.601000
260.405000
269.600000
279.770000
290.205000
308.380000
315.725000
337.820000
346.840000
348.155000
340.135000
343.245000
342.200000
319.485000
277.540000
282.025000
293.085000
307.265000
311.270000
316.690000
309.945000
305.255000
303.060000
298.730000
297.630000
296.650000
295.890000
295.995000
296.585000
298.515000
299.255000
298.630000
299.210000
298.180000
294.880000
295.060000
295.110000
292.830000
290.100000
279.940000
268.620000
248.730000
219.780000
215.035000
212.780000
211.760000
213.180000
212.170000
214.115000
221.720000
234.675000
248.210000
258.445000
272.975000
277.645000
277.950000
281.725000
287.060000
284.630000
280.340000
283.165000
280.565000
277.805000
264.660000
253.015000
267.610000
281.915000
290.635000
291.340000
291.315000
278.985000
271.865000
272.450000
287.585000
286.575000
292.555000
294.765000
292.185000
263.730000
261.895000
260.960000
259.015000
254.515000
250.455000
246.410000
243.580000
240.980000
241.360000
238.510000
238.815000
238.050000
238.485000
256.835000
240.905000
234.030000
232.460000
231.005000
237.680000
249.435000
261.890000
273.820000
285.320000
290.695000
291.200000
292.725000
301.185000
285.725000
285.255000
275.730000
270.000000
264.465000
261.705000
264.100000
296.070000
296.240000
305.400000
310.060000
319.145000
317.120000
323.760000
322.280000
326.105000
321.765000
305.655000
323.790000
340.280000
339.515000
334.280000
334.745000
338.600000
341.900000
335.180000
306.940000
312.530000
325.510000
322.520000
318.250000
316.055000
313.530000
309.450000
307.310000
305.935000
305.625000
305.795000
305.430000
304.295000
302.585000
300.780000
299.235000
300.455000
301.660000
299.860000
288.500000
281.005000
251.920000
240.510000
233.055000
229.700000
224.180000
225.430000
235.710000
235.525000
257.096000
218.565000
213.165000
234.015000
236.835000
220.705000
218.990000
214.985000
227.195000
229.540000
232.385000
238.175000
244.150000
242.635000
238.225000
250.690000
263.095000
235.425000
221.230000
219.285000
216.450000
214.355000
212.630000
214.535000
211.025000
210.420000
210.415000
209.910000
209.335000
206.930000
206.485000
211.920000
225.000000
237.530000
249.275000
258.310000
267.065000
272.035000
276.735000
287.730000
283.725000
273.355000
270.395000
261.825000
253.470000
249.145000
246.215000
244.425000
244.130000
241.610000
239.335000
237.915000
237.030000
234.645000
235.425000
241.890000
254.140000
267.805000
279.165000
288.250000
294.225000
297.085000
297.105000
294.180000
295.140000
288.135000
281.900000
276.800000
273.710000
270.615000
266.255000
263.290000
261.585000
275.430000
279.770000
291.475000
305.460000
308.440000
311.365000
314.940000
316.875000
318.110000
320.405000
323.785000
326.130000
324.910000
325.735000
321.910000
322.655000
321.130000
317.535000
316.220000
318.010000
317.555000
313.965000
312.350000
307.350000
309.885000
304.745000
296.195000
274.945000
255.325000
241.460000
248.635000
263.680000
275.455000
287.690000
292.460000
296.135000
297.040000
284.080000
282.535000
275.955000
270.295000
282.460000
267.365000
265.295000
251.370000
248.195000
244.925000
242.000000
238.200000
236.995000
235.960000
236.965000
236.020000
237.100000
246.930000
259.735000
273.220000
285.465000
292.195000
299.710000
305.465000
304.235000
309.905000
304.380000
289.895000
285.855000
287.120000
289.155000
287.620000
314.215000
305.475000
318.940000
326.220000
321.710000
311.970000
315.820000
316.725000
314.760000
314.400000
315.680000
319.570000
324.765000
325.310000
326.945000
327.660000
328.000000
326.040000
328.905000
329.915000
326.525000
330.460000
329.675000
325.950000
323.660000
318.470000
318.385000
315.245000
319.380000
316.565000
316.155000
319.530000
321.690000
321.510000
317.610000
314.820000
324.105000
329.030000
327.825000
333.585000
313.295000
327.090000
287.895000
275.455000
269.705000
264.520000
261.851000
256.325000
252.750000
248.955000
246.465000
244.660000
241.455000
239.935000
239.835000
239.705000
240.700000
249.485000
268.800000
286.665000
294.330000
298.660000
302.860000
305.640000
305.205000
301.590000
297.565000
292.145000
287.050000
283.755000
283.675000
283.350000
279.065000
275.270000
270.765000
270.745000
295.545000
315.560000
313.285000
315.930000
330.365000
323.910000
319.575000
340.135000
316.485000
328.375000
323.050000
325.610000
322.025000
325.595000
326.845000
317.075000
319.210000
328.175000
335.135000
343.335000
343.410000
342.350000
341.920000
334.735000
326.680000
328.530000
332.535000
338.085000
335.140000
343.830000
342.245000
343.160000
339.760000
343.060000
350.485000
338.270000
336.225000
364.310000
359.285000
343.660000
349.220000
330.025000
337.545000
341.690000
338.470000
311.675000
294.470000
294.935000
295.675000
323.045000
325.510000
285.455000
280.560000
287.610000
297.380000
310.190000
321.325000
337.010000
343.875000
342.170000
345.835000
342.145000
350.500000
356.725000
351.345000
349.400000
347.810000
351.730000
353.610000
357.380000
356.005000
355.015000
356.235000
356.950000
356.810000
353.220000
354.185000
352.685000
350.155000
351.825000
367.305000
368.700000
363.235000
361.175000
357.735000
334.315000
329.605000
312.985000
308.135000
303.000000
295.990000
308.520000
354.815000
354.135000
346.560000
339.725000
335.685000
332.685000
331.345000
330.205000
327.995000
328.070000
328.845000
322.465000
307.790000
295.350000
302.745000
305.185000
314.355000
304.270000
293.345000
282.155000
275.710000
270.445000
269.640000
269.745000
269.635000
266.620000
262.485000
283.650000
308.680000
308.100000
286.970000
259.655000
259.175000
263.560000
268.625000
275.470000
291.080000
299.970000
301.440000
296.125000
301.025000
291.470000
281.115000
275.850000
269.155000
266.015000
259.580000
255.470000
253.865000
260.356000
269.035000
272.750000
266.465000
266.345000
246.005000
263.265000
285.090000
304.435000
323.460000
308.825000
303.275000
303.610000
317.660000
323.750000
317.915000
321.395000
316.905000
307.520000
301.870000
314.265000
310.530000
325.130000
320.870000
312.365000
323.880000
326.350000
307.120000
293.100000
278.540000
276.315000
279.200000
290.380000
305.905000
321.580000
334.450000
343.655000
351.075000
353.255000
354.230000
355.525000
352.440000
346.545000
337.545000
328.505000
324.425000
322.190000
319.595000
319.505000
319.665000
313.365000
316.450000
324.280000
314.685000
306.970000
308.310000
317.870000
347.795000
344.710000
354.715000
363.770000
370.285000
375.285000
377.180000
377.495000
374.530000
368.180000
361.335000
350.910000
345.655000
341.305000
331.545000
328.065000
320.045000
315.480000
316.535000
316.765000
313.485000
313.420000
314.175000
325.060000
338.820000
353.390000
367.190000
380.255000
389.585000
395.410000
408.150000
370.220000
354.560000
340.815000
334.010000
325.920000
316.280000
318.305000
311.475000
327.300000
353.755000
349.640000
346.885000
340.745000
335.390000
332.760000
329.040000
326.960000
325.605000
326.865000
328.915000
330.415000
331.410000
335.925000
337.025000
338.820000
339.805000
338.995000
338.695000
339.490000
340.690000
341.550000
341.740000
341.675000
342.005000
342.130000
342.680000
342.970000
344.005000
345.955000
349.205000
349.815000
359.985000
362.740000
362.745000
365.295000
371.515000
366.680000
368.070000
367.435000
367.495000
369.035000
365.515000
360.525000
356.425000
338.140000
348.915000
330.755000
310.425000
305.795000
304.155000
313.280000
295.710000
311.560000
320.185000
319.570000
319.650000
319.965000
321.300000
328.745000
327.985000
325.305000
313.060000
329.945000
328.330000
325.025000
316.820000
320.530000
269.920000
258.570000
255.570000
252.335000
250.385000
249.215000
249.555000
248.415000
246.945000
249.105000
251.800000
265.125000
278.715000
297.995000
302.220000
306.505000
332.505000
329.910000
344.305000
345.330000
344.570000
339.380000
340.500000
345.545000
330.140000
335.185000
327.190000
320.975000
311.420000
315.570000
340.895000
355.765000
356.880000
356.590000
358.870000
360.035000
362.295000
365.985000
369.840000
372.485000
375.565000
379.575000
374.980000
379.520000
376.075000
358.395000
365.120000
332.190000
338.715000
351.575000
326.695000
366.215000
377.865000
377.800000
377.995000
377.275000
377.070000
377.495000
379.310000
380.120000
375.925000
365.705000
366.175000
371.120000
372.685000
371.705000
331.025000
332.710000
341.665000
329.600000
344.595000
318.545000
340.335000
330.930000
290.645000
280.300000
332.040000
332.635000
329.810000
328.145000
329.305000
325.540000
330.565000
333.010000
329.140000
313.685000
326.145000
336.440000
333.210000
329.895000
317.255000
313.140000
300.160000
320.650000
319.405000
326.865000
333.415000
329.950000
327.140000
329.380000
324.565000
322.170000
296.680000
270.085000
264.465000
261.875000
264.275000
273.855000
288.775000
299.595000
308.780000
315.155000
322.080000
333.980000
349.095000
326.865000
337.870000
331.575000
315.575000
344.310000
348.455000
344.500000
338.845000
337.770000
339.540000
338.475000
338.080000
338.555000
334.605000
334.670000
326.775000
310.355000
311.100000
325.760000
344.690000
366.905000
362.505000
368.570000
363.645000
361.975000
363.190000
358.730000
346.670000
337.610000
333.950000
334.465000
337.990000
341.040000
339.525000
341.080000
342.365000
345.100000
345.715000
343.110000
342.875000
347.645000
352.520000
347.905000
338.205000
352.660000
371.380000
373.890000
370.775000
369.410000
368.795000
372.515000
367.660000
367.775000
365.955000
361.740000
330.290000
300.210000
296.255000
293.115000
291.015000
287.705000
287.360000
288.815000
293.100000
304.315000
318.975000
331.935000
346.545000
350.995000
375.215000
381.830000
362.700000
352.255000
363.900000
363.385000
366.695000
367.395000
361.970000
354.050000
353.695000
357.910000
362.015000
317.270000
322.245000
363.810000
365.685000
348.825000
365.780000
374.040000
371.655000
373.530000
347.305000
352.895000
363.550000
369.140000
362.680000
358.995000
358.515000
345.615000
336.195000
327.685000
326.845000
336.175000
334.345000
333.505000
360.770000
353.495000
309.720000
318.035000
342.885000
354.885000
309.420000
329.185000
355.385000
366.790000
367.670000
371.170000
397.180000
397.590000
392.565000
376.770000
359.070000
353.510000
349.090000
339.975000
332.890000
349.020000
356.250000
358.110000
361.590000
363.040000
367.145000
371.675000
364.460000
359.070000
356.655000
356.545000
356.445000
347.035000
362.750000
379.670000
375.695000
361.580000
349.205000
351.270000
333.605000
315.715000
297.540000
289.815000
285.805000
281.580000
323.875000
336.320000
337.470000
333.185000
333.675000
329.485000
299.185000
277.265000
260.125000
260.715000
271.340000
283.195000
297.030000
307.590000
313.550000
316.955000
318.975000
318.965000
317.850000
317.380000
310.210000
304.895000
297.565000
293.645000
292.085000
290.335000
282.575000
279.665000
281.050000
312.345000
317.810000
315.360000
313.285000
317.010000
320.215000
331.125000
343.155000
346.180000
346.805000
354.525000
356.730000
354.190000
357.640000
359.120000
350.760000
341.565000
332.170000
325.330000
311.170000
318.720000
281.340000
278.065000
293.170000
306.355000
311.230000
315.840000
326.135000
300.180000
303.960000
315.900000
345.205000
348.550000
361.340000
363.040000
359.540000
350.890000
352.085000
326.720000
315.555000
308.860000
304.040000
300.855000
299.210000
299.180000
315.130000
305.755000
294.745000
294.025000
332.660000
351.975000
362.235000
356.355000
369.935000
378.440000
379.690000
379.940000
378.325000
378.270000
377.535000
376.750000
376.625000
377.285000
378.220000
378.110000
378.620000
380.525000
382.240000
383.570000
385.390000
386.460000
388.620000
388.525000
381.620000
358.765000
352.155000
387.940000
397.125000
395.275000
397.075000
398.330000
396.205000
356.100000
358.420000
350.285000
336.575000
323.070000
329.680000
308.040000
283.845000
279.675000
274.185000
266.790000
261.745000
260.166000
257.505000
254.910000
253.460000
255.325000
262.470000
269.290000
276.100000
291.020000
310.755000
322.510000
323.265000
327.415000
348.570000
358.035000
344.125000
345.835000
358.975000
355.670000
360.595000
370.395000
369.700000
370.540000
359.815000
344.340000
370.070000
357.270000
378.545000
374.890000
375.670000
379.165000
376.840000
378.315000
383.090000
388.810000
393.715000
393.985000
392.290000
391.795000
360.635000
338.450000
332.420000
314.240000
310.295000
304.820000
293.965000
277.230000
267.180000
260.250000
256.525000
250.850000
246.570000
245.480000
249.235000
255.720000
264.270000
274.520000
283.215000
289.770000
295.990000
301.425000
300.850000
298.620000
295.475000
290.110000
284.745000
279.615000
273.710000
269.185000
274.025000
269.430000
267.280000
265.975000
267.245000
273.200000
286.865000
324.855000
324.135000
302.040000
337.875000
343.825000
338.650000
334.620000
335.090000
337.405000
336.760000
335.785000
333.525000
333.655000
322.340000
314.590000
311.305000
308.715000
304.405000
301.485000
301.300000
301.400000
304.000000
305.900000
297.500000
298.200000
304.400000
311.600000
324.100000
337.900000
351.100000
356.200000
365.600000
371.500000
376.400000
378.500000
377.600000
373.200000
364.700000
355.600000
345.100000
341.300000
338.000000
331.900000
328.300000
326.000000
323.700000
321.000000
318.700000
317.900000
324.500000
337.300000
348.100000
359.500000
372.000000
381.200000
386.000000
388.600000
386.700000
381.000000
375.100000
364.000000
352.900000
342.900000
334.200000
329.300000
324.200000
321.800000
319.600000
316.700000
314.700000
312.500000
310.600000
312.500000
319.700000
331.400000
342.500000
355.600000
362.400000
373.400000
377.100000
379.500000
377.400000
374.400000
369.300000
361.100000
355.500000
349.300000
340.400000
336.500000
331.600000
330.100000
330.300000
330.500000
328.200000
325.600000
324.200000
324.000000
334.200000
345.100000
357.600000
363.800000
369.000000
370.800000
373.600000
374.400000
375.100000
373.200000
370.700000
364.800000
352.600000
338.700000
331.100000
327.200000
325.600000
319.600000
317.000000
315.000000
314.300000
314.000000
311.500000
310.300000
317.700000
326.100000
337.600000
352.000000
366.000000
372.900000
377.800000
377.400000
378.900000
379.900000
385.800000
381.900000
372.100000
362.700000
358.000000
363.200000
364.500000
358.200000
365.700000
359.300000
343.300000
346.200000
337.300000
336.400000
348.100000
349.100000
364.700000
378.100000
392.900000
408.700000
406.900000
412.500000
404.000000
400.900000
410.500000
404.600000
390.800000
388.900000
378.000000
385.500000
390.900000
385.600000
392.500000
390.100000
389.100000
384.500000
375.100000
349.900000
359.300000
356.300000
379.400000
384.800000
399.500000
397.000000
400.500000
404.400000
404.800000
398.900000
402.100000
401.600000
390.700000
376.500000
378.500000
363.600000
361.600000
354.400000
351.100000
345.100000
341.500000
339.000000
336.400000
334.400000
339.500000
347.900000
358.300000
371.100000
380.200000
393.300000
395.000000
400.400000
396.800000
390.000000
373.800000
374.800000
360.400000
348.800000
342.100000
359.200000
392.000000
390.400000
388.300000
387.300000
387.100000
386.300000
385.300000
384.100000
375.900000
369.400000
385.200000
384.900000
387.200000
386.100000
381.200000
379.100000
380.800000
381.400000
375.700000
370.500000
368.100000
365.900000
363.900000
361.000000
357.800000
360.100000
359.000000
356.400000
353.900000
352.700000
353.700000
353.200000
353.900000
355.900000
359.200000
361.700000
365.600000
365.200000
364.600000
369.500000
371.900000
369.400000
371.000000
369.100000
368.800000
366.300000
365.300000
360.600000
356.800000
337.100000
358.600000
362.300000
362.500000
361.800000
351.700000
289.000000
288.100000
295.100000
305.000000
317.500000
330.700000
342.300000
348.100000
353.900000
358.200000
360.000000
359.600000
356.400000
348.500000
337.600000
331.000000
330.600000
328.500000
326.200000
325.600000
320.800000
316.200000
316.000000
321.000000
315.600000
322.500000
336.400000
346.000000
352.900000
354.200000
359.900000
366.700000
382.500000
392.700000
381.000000
372.000000
363.800000
355.600000
349.700000
345.300000
365.700000
348.200000
349.000000
336.400000
335.100000
329.900000
327.100000
322.300000
321.200000
328.000000
338.400000
351.900000
358.600000
368.200000
374.400000
374.000000
371.600000
370.300000
366.200000
355.200000
346.100000
336.600000
328.400000
323.000000
331.800000
312.400000
302.600000
299.000000
296.100000
295.800000
297.600000
318.200000
310.500000
325.800000
320.700000
336.800000
352.100000
381.700000
387.300000
399.800000
400.500000
411.400000
404.600000
403.600000
395.800000
392.600000
383.200000
380.100000
385.000000
390.500000
403.700000
385.200000
376.200000
381.600000
391.200000
383.300000
383.800000
380.600000
376.500000
380.200000
379.400000
388.500000
392.400000
389.500000
387.600000
386.300000
371.100000
368.600000
377.700000
390.500000
388.600000
382.800000
371.700000
391.200000
389.200000
376.900000
381.200000
394.100000
393.500000
392.000000
390.700000
390.900000
391.400000
391.000000
385.500000
384.400000
382.200000
383.800000
384.200000
382.200000
383.000000
377.700000
367.300000
357.300000
360.800000
357.800000
353.500000
352.300000
343.700000
339.000000
333.400000
330.800000
319.700000
289.600000
276.800000
283.100000
305.400000
335.300000
345.900000
327.200000
329.600000
334.400000
339.000000
339.300000
349.600000
363.000000
361.600000
325.900000
310.300000
306.000000
332.200000
353.200000
351.900000
351.500000
344.700000
344.500000
335.000000
333.600000
348.200000
350.700000
350.800000
345.100000
358.500000
351.600000
347.800000
356.900000
365.000000
364.800000
367.200000
363.600000
370.700000
383.300000
364.900000
370.200000
359.200000
335.100000
317.000000
313.100000
313.300000
309.500000
341.000000
303.100000
299.800000
310.400000
327.300000
345.900000
358.800000
363.800000
375.600000
380.000000
384.800000
382.100000
380.100000
375.700000
370.800000
359.900000
356.800000
370.400000
369.500000
383.800000
394.200000
390.700000
387.400000
389.800000
373.100000
366.300000
361.700000
371.700000
378.000000
362.200000
374.900000
387.700000
412.800000
417.700000
414.400000
404.100000
396.700000
390.400000
383.700000
369.900000
358.300000
346.400000
377.400000
385.000000
384.200000
381.600000
380.800000
379.200000
379.200000
376.900000
377.600000
376.800000
374.800000
373.700000
377.600000
385.200000
393.100000
397.700000
399.900000
396.200000
385.800000
383.300000
364.800000
371.600000
369.700000
390.200000
397.700000
395.600000
381.700000
363.700000
370.200000
367.900000
361.000000
363.000000
359.600000
336.400000
353.000000
356.400000
360.200000
372.100000
377.300000
377.300000
377.500000
378.000000
375.200000
357.800000
350.100000
318.100000
311.100000
305.200000
302.800000
301.400000
331.000000
351.800000
351.400000
349.100000
344.700000
345.900000
350.400000
364.700000
352.000000
353.700000
364.100000
372.100000
368.100000
365.900000
365.500000
389.000000
383.600000
392.700000
392.400000
362.300000
366.400000
340.800000
348.900000
375.500000
378.100000
377.400000
352.900000
328.900000
352.100000
353.000000
356.800000
356.600000
375.300000
366.300000
355.200000
376.400000
390.400000
392.800000
392.000000
382.900000
377.400000
379.300000
366.600000
361.300000
366.900000
372.300000
367.600000
367.100000
355.600000
333.300000
330.500000
324.500000
319.100000
320.100000
315.600000
326.900000
328.900000
337.900000
343.400000
351.000000
373.200000
373.700000
392.900000
392.400000
381.500000
381.200000
375.700000
370.500000
369.400000
373.000000
362.900000
351.200000
347.100000
364.100000
366.700000
367.200000
361.700000
358.500000
366.100000
369.700000
370.400000
381.300000
385.100000
387.400000
389.700000
393.800000
395.300000
396.100000
397.400000
386.300000
389.400000
372.000000
380.400000
379.500000
375.200000
370.700000
367.800000
366.500000
366.000000
366.400000
366.600000
365.800000
365.400000
366.100000
367.200000
363.500000
365.600000
382.700000
389.500000
390.900000
373.500000
367.900000
363.700000
356.500000
350.100000
338.600000
372.525000
371.816000
365.910000
361.204000
358.740000
356.538000
354.833000
352.829000
353.240000
353.219000
357.662000
371.700000
362.518000
374.386000
382.425000
395.986000
385.467000
387.700000
395.100000
403.100000
390.000000
404.550000
403.167000
357.100000
402.200000
379.700000
377.391000
374.958000
374.798000
375.600000
376.800000
390.000000
391.600000
390.200000
387.400000
389.100000
369.000000
381.400000
402.200000
407.000000
400.300000
409.000000
412.100000
419.300000
417.900000
402.500000
387.700000
373.100000
375.700000
390.800000
391.900000
404.000000
399.200000
396.500000
394.900000
393.800000
392.000000
391.600000
394.000000
400.600000
403.300000
382.600000
386.400000
402.100000
407.500000
405.600000
409.200000
407.300000
402.000000
392.700000
387.100000
379.400000
372.200000
365.500000
361.800000
361.300000
359.600000
355.800000
350.900000
347.100000
360.400000
366.200000
359.700000
378.500000
392.900000
393.600000
397.100000
405.600000
414.000000
417.500000
416.800000
413.600000
406.700000
408.700000
434.400000
430.500000
416.800000
410.000000
407.700000
384.900000
377.700000
386.100000
365.900000
362.600000
370.800000
379.800000
387.900000
366.900000
377.200000
380.900000
388.600000
399.500000
409.800000
416.800000
421.800000
426.800000
426.900000
426.500000
424.400000
422.000000
415.000000
403.300000
397.200000
401.300000
407.500000
407.200000
418.800000
400.500000
396.700000
398.500000
397.700000
401.200000
390.900000
394.700000
397.800000
402.100000
411.800000
413.900000
417.200000
384.600000
387.900000
388.400000
383.900000
377.300000
372.700000
364.100000
363.100000
362.300000
358.600000
363.700000
358.300000
374.200000
378.800000
378.100000
385.400000
375.800000
364.000000
380.700000
391.000000
405.300000
403.200000
407.900000
410.400000
414.600000
415.000000
416.700000
418.300000
415.600000
407.400000
401.800000
403.900000
408.000000
415.200000
416.600000
415.900000
409.200000
412.200000
411.000000
414.900000
419.300000
422.700000
425.400000
414.600000
418.500000
423.500000
428.200000
427.200000
428.100000
432.000000
430.500000
416.300000
404.300000
397.200000
389.800000
385.000000
380.400000
374.400000
373.600000
373.600000
379.800000
389.300000
388.300000
385.900000
399.700000
389.200000
387.700000
400.500000
410.800000
421.600000
428.400000
432.900000
438.700000
452.200000
450.900000
439.700000
438.000000
432.700000
448.900000
441.800000
424.300000
411.200000
405.200000
399.100000
394.900000
400.100000
412.500000
407.700000
391.500000
401.800000
415.600000
431.100000
440.200000
451.600000
457.400000
460.900000
456.000000
448.800000
420.200000
410.900000
401.600000
395.500000
385.400000
380.900000
385.100000
386.000000
382.900000
385.500000
382.800000
396.300000
401.200000
399.200000
399.000000
397.600000
411.300000
417.500000
414.000000
419.600000
423.300000
418.300000
416.500000
423.000000
421.500000
424.000000
406.100000
394.400000
385.800000
381.600000
382.400000
379.400000
386.500000
373.300000
382.100000
381.700000
373.800000
371.700000
384.500000
389.700000
401.900000
413.400000
421.100000
425.000000
436.300000
434.900000
422.400000
422.800000
415.700000
406.000000
399.000000
385.800000
379.300000
377.900000
374.600000
377.600000
377.300000
372.000000
378.800000
383.500000
392.800000
401.600000
409.900000
408.800000
410.100000
415.000000
423.200000
430.100000
433.900000
440.400000
437.600000
433.400000
427.300000
413.900000
412.700000
402.800000
397.100000
394.900000
391.700000
394.300000
402.100000
396.600000
394.900000
393.700000
385.000000
400.800000
407.800000
407.500000
409.700000
404.700000
403.600000
399.700000
407.500000
407.400000
403.300000
392.400000
383.300000
375.600000
363.000000
355.200000
350.800000
349.300000
357.000000
343.900000
325.000000
310.600000
305.600000
298.900000
296.900000
295.600000
303.100000
315.300000
331.000000
345.300000
357.700000
364.200000
367.100000
375.100000
377.800000
374.600000
373.500000
370.200000
364.200000
355.000000
349.000000
345.000000
340.200000
335.500000
333.400000
328.200000
324.100000
319.600000
326.100000
324.000000
317.200000
329.800000
344.600000
357.500000
367.500000
375.100000
382.600000
385.200000
387.900000
389.000000
386.300000
384.200000
377.100000
363.500000
373.700000
385.900000
347.100000
348.600000
358.100000
369.400000
370.400000
351.200000
344.600000
327.000000
332.400000
336.500000
345.000000
351.900000
354.200000
359.300000
365.300000
367.000000
366.400000
365.800000
364.300000
357.000000
351.500000
342.200000
331.700000
324.700000
321.200000
321.100000
314.400000
312.500000
309.300000
306.600000
307.300000
303.800000
307.500000
324.400000
338.000000
351.700000
365.100000
374.600000
383.800000
391.000000
390.000000
390.600000
386.200000
378.500000
369.300000
368.300000
368.200000
353.900000
350.600000
352.400000
343.800000
361.500000
378.000000
375.700000
377.500000
355.600000
361.100000
363.800000
384.000000
396.100000
407.500000
422.000000
423.900000
428.000000
415.000000
408.000000
402.900000
395.100000
380.400000
372.500000
367.800000
363.600000
359.900000
354.700000
352.700000
356.800000
365.200000
359.500000
361.600000
379.900000
379.900000
388.900000
402.500000
396.300000
396.900000
407.000000
408.900000
405.900000
400.600000
399.600000
397.500000
393.400000
403.300000
402.900000
403.100000
403.200000
403.300000
403.900000
403.300000
403.400000
402.900000
402.400000
402.900000
403.600000
406.000000
408.700000
409.300000
409.500000
411.100000
414.900000
410.900000
406.400000
404.600000
403.500000
400.200000
398.100000
395.800000
392.800000
386.200000
387.300000
373.700000
349.100000
357.500000
369.900000
372.300000
360.300000
358.200000
358.700000
349.400000
345.100000
359.000000
374.100000
388.200000
401.700000
406.400000
403.800000
402.700000
397.600000
394.700000
379.500000
372.000000
364.700000
355.600000
354.600000
351.600000
348.300000
359.600000
366.500000
366.300000
368.000000
366.000000
367.600000
376.200000
362.100000
372.500000
387.000000
396.500000
406.400000
418.900000
422.700000
412.800000
409.800000
401.000000
393.900000
384.700000
373.000000
364.400000
358.600000
355.900000
353.100000
350.400000
348.100000
347.700000
342.100000
340.800000
341.200000
350.500000
361.500000
374.300000
385.000000
395.600000
403.300000
412.200000
417.700000
417.400000
410.000000
402.700000
397.900000
389.200000
375.600000
365.700000
362.300000
378.100000
384.100000
395.800000
383.800000
375.200000
384.400000
382.700000
386.500000
381.900000
393.800000
391.500000
391.200000
384.900000
396.600000
406.500000
414.100000
417.000000
415.600000
423.200000
402.000000
387.800000
380.800000
376.000000
374.200000
370.500000
368.400000
375.700000
379.300000
379.400000
366.400000
379.700000
380.300000
391.800000
374.400000
390.800000
418.200000
416.400000
412.200000
411.300000
406.600000
410.800000
413.600000
415.300000
420.300000
405.600000
402.500000
398.300000
395.300000
393.100000
410.100000
400.900000
388.900000
390.500000
392.500000
396.300000
402.500000
399.500000
399.700000
419.800000
434.400000
428.300000
429.300000
434.500000
433.800000
430.900000
434.900000
419.500000
417.900000
418.900000
428.600000
399.700000
393.300000
420.900000
425.300000
419.800000
399.100000
419.300000
400.900000
381.100000
379.800000
383.600000
381.600000
378.400000
384.100000
392.100000
401.600000
405.000000
394.800000
399.600000
402.900000
382.400000
376.600000
370.100000
359.700000
353.500000
355.800000
356.800000
361.200000
366.900000
375.600000
389.400000
402.400000
402.200000
405.800000
406.400000
401.900000
389.800000
398.400000
414.600000
405.700000
412.400000
399.500000
403.600000
404.700000
401.100000
395.400000
389.500000
380.400000
379.100000
370.400000
367.300000
368.400000
367.200000
370.600000
372.400000
375.300000
374.800000
376.800000
377.200000
367.300000
374.500000
395.800000
415.200000
417.400000
424.500000
428.800000
432.600000
417.700000
411.400000
389.700000
381.300000
371.200000
368.600000
370.500000
375.200000
380.100000
388.700000
396.900000
398.200000
406.300000
399.700000
388.900000
402.200000
406.600000
412.900000
401.200000
412.500000
412.600000
418.900000
423.800000
437.800000
446.800000
440.300000
443.100000
423.700000
403.400000
392.700000
388.000000
373.400000
362.900000
341.600000
349.200000
344.800000
336.300000
340.900000
345.900000
341.400000
342.800000
349.700000
359.000000
366.900000
378.800000
386.400000
387.200000
390.800000
391.300000
391.800000
402.800000
393.900000
373.000000
384.500000
369.800000
376.600000
385.600000
344.900000
341.600000
351.700000
352.700000
353.200000
363.600000
365.600000
384.900000
394.000000
387.800000
384.000000
373.000000
398.500000
403.200000
381.700000
368.300000
356.500000
350.800000
341.800000
330.800000
319.900000
311.900000
320.000000
332.200000
334.700000
335.100000
334.300000
333.300000
332.100000
332.100000
323.800000
302.000000
314.900000
324.100000
332.200000
339.500000
343.800000
347.100000
349.000000
347.100000
344.400000
340.200000
330.700000
323.300000
317.700000
312.000000
309.500000
311.200000
330.300000
337.400000
339.500000
338.700000
338.400000
340.300000
339.500000
312.600000
325.200000
338.700000
349.400000
367.600000
375.500000
371.200000
368.700000
364.600000
365.600000
349.400000
341.100000
331.800000
326.600000
321.800000
316.900000
315.500000
332.900000
344.300000
346.400000
345.100000
344.300000
345.900000
354.200000
324.300000
342.200000
356.700000
366.700000
375.800000
381.400000
386.300000
386.600000
385.600000
383.100000
376.500000
371.900000
364.900000
356.500000
358.800000
379.700000
375.100000
389.700000
388.300000
385.600000
386.700000
387.600000
387.100000
388.300000
388.700000
385.500000
387.700000
391.600000
391.000000
400.400000
399.200000
400.900000
403.400000
393.800000
392.100000
397.300000
395.700000
390.900000
390.800000
390.200000
391.500000
390.900000
389.500000
388.900000
387.900000
387.100000
386.400000
385.900000
388.900000
388.800000
391.500000
378.300000
390.400000
377.200000
380.500000
381.200000
375.900000
378.700000
377.700000
361.700000
347.800000
336.800000
337.200000
357.400000
363.700000
362.800000
360.500000
356.700000
354.900000
354.200000
356.800000
364.200000
340.400000
358.700000
375.200000
386.700000
394.200000
394.800000
399.700000
402.000000
398.300000
394.800000
379.100000
362.100000
350.700000
347.500000
344.600000
340.400000
353.900000
358.000000
361.900000
362.600000
361.500000
361.400000
361.500000
361.500000
341.300000
359.300000
375.600000
380.700000
385.700000
393.500000
395.400000
399.100000
398.800000
393.900000
397.400000
376.100000
384.600000
368.500000
361.400000
362.500000
364.600000
364.500000
358.200000
357.100000
359.000000
350.000000
349.800000
345.400000
357.100000
371.500000
386.200000
396.500000
409.500000
418.800000
422.300000
427.900000
425.500000
419.700000
412.600000
418.000000
425.000000
409.700000
385.100000
381.100000
384.800000
383.600000
384.000000
392.800000
393.500000
390.700000
387.500000
381.400000
363.100000
358.300000
369.100000
376.800000
385.200000
393.400000
393.300000
390.600000
390.300000
389.100000
379.600000
369.500000
357.600000
351.100000
346.800000
340.400000
335.400000
334.200000
340.700000
347.500000
350.600000
352.000000
353.300000
341.100000
340.300000
358.000000
370.400000
378.300000
383.500000
387.200000
388.600000
388.600000
389.600000
385.900000
379.600000
372.000000
360.600000
356.300000
351.200000
347.300000
343.900000
338.400000
339.700000
339.700000
341.000000
340.900000
347.400000
352.000000
371.700000
393.300000
406.900000
401.900000
407.100000
408.500000
405.600000
409.700000
405.100000
403.900000
387.700000
399.100000
409.600000
396.600000
398.400000
395.500000
397.500000
385.100000
388.900000
376.700000
378.300000
384.100000
381.300000
381.700000
382.100000
387.100000
394.400000
386.800000
385.800000
389.700000
402.700000
404.000000
395.300000
369.000000
363.900000
346.500000
335.100000
329.400000
326.900000
323.500000
328.400000
338.900000
344.100000
344.900000
344.700000
346.300000
347.200000
359.900000
343.400000
361.000000
372.300000
384.700000
387.000000
387.400000
388.700000
389.300000
394.200000
393.900000
385.900000
385.600000
375.300000
381.900000
380.800000
380.600000
376.900000
379.800000
371.200000
371.200000
371.400000
358.600000
352.200000
347.200000
320.300000
322.100000
333.600000
341.200000
353.000000
357.500000
361.700000
370.800000
363.900000
353.000000
348.900000
337.000000
329.200000
323.400000
318.300000
314.600000
313.200000
309.700000
314.800000
327.700000
331.200000
335.000000
335.900000
345.400000
319.500000
337.100000
352.700000
363.200000
371.700000
378.200000
381.100000
387.400000
387.900000
411.600000
387.900000
390.500000
384.400000
388.100000
390.700000
389.300000
389.300000
390.000000
391.700000
389.100000
380.200000
372.100000
368.400000
378.700000
343.100000
322.600000
333.700000
344.000000
361.500000
362.200000
366.700000
358.600000
352.400000
348.300000
342.900000
336.800000
330.800000
324.300000
319.900000
315.900000
315.100000
316.500000
315.000000
316.400000
314.700000
314.400000
317.100000
320.700000
333.700000
349.400000
367.500000
379.300000
392.600000
404.800000
412.600000
416.900000
413.100000
407.000000
402.800000
395.800000
384.100000
375.900000
370.400000
366.900000
363.500000
370.800000
365.600000
366.600000
357.700000
351.800000
346.100000
346.300000
357.700000
377.200000
392.500000
399.800000
411.200000
418.700000
415.200000
411.000000
409.400000
402.400000
398.100000
393.400000
378.400000
373.300000
369.300000
393.800000
384.500000
386.100000
397.800000
378.400000
381.300000
400.600000
410.300000
411.400000
417.800000
416.800000
430.500000
399.500000
401.000000
411.600000
412.100000
400.500000
397.000000
390.000000
380.100000
370.800000
362.500000
356.500000
350.900000
346.300000
343.200000
343.700000
344.500000
349.600000
355.900000
357.100000
365.000000
365.600000
366.300000
372.300000
369.200000
374.100000
375.800000
384.700000
391.200000
393.500000
391.500000
387.400000
380.400000
370.900000
358.200000
351.400000
348.900000
346.900000
342.800000
339.200000
340.700000
342.700000
341.100000
340.800000
344.400000
339.900000
346.500000
360.000000
381.000000
391.100000
391.200000
396.600000
394.400000
388.300000
387.000000
385.900000
401.100000
396.600000
382.600000
396.700000
410.600000
395.700000
399.700000
397.900000
398.500000
411.500000
412.000000
411.400000
411.300000
413.500000
415.600000
414.000000
409.500000
419.400000
431.600000
441.000000
444.700000
446.300000
447.800000
442.900000
436.700000
431.600000
420.400000
414.300000
408.200000
404.800000
405.100000
398.100000
395.500000
394.300000
393.200000
392.700000
391.000000
395.500000
404.800000
411.500000
419.600000
426.200000
433.700000
440.500000
444.800000
445.600000
446.500000
440.700000
432.600000
415.600000
405.600000
399.400000
395.300000
390.500000
386.100000
384.800000
387.100000
387.900000
387.900000
388.100000
391.400000
408.700000
404.400000
404.000000
393.400000
399.400000
407.700000
415.500000
414.300000
403.600000
395.900000
404.900000
410.600000
403.000000
394.900000
392.500000
372.800000
378.700000
381.000000
380.600000
378.000000
375.600000
374.600000
373.500000
371.100000
383.400000
385.400000
374.400000
391.800000
405.400000
412.100000
412.300000
403.000000
397.700000
386.000000
382.100000
374.700000
365.300000
357.400000
350.400000
349.900000
357.900000
365.000000
367.700000
369.500000
369.900000
365.800000
364.900000
363.100000
374.500000
374.600000
362.900000
380.900000
394.000000
406.100000
411.400000
414.600000
416.100000
413.200000
409.800000
407.400000
393.600000
381.600000
378.900000
374.300000
368.000000
364.600000
366.900000
374.000000
375.600000
374.100000
374.100000
374.200000
380.600000
369.700000
387.800000
403.700000
415.600000
425.100000
432.800000
432.400000
430.800000
422.000000
414.700000
400.800000
386.800000
373.500000
368.200000
361.300000
358.200000
358.700000
352.700000
351.200000
351.200000
350.300000
352.900000
355.900000
369.800000
370.200000
386.600000
391.200000
403.700000
411.100000
416.000000
418.000000
415.200000
409.600000
404.800000
397.200000
384.600000
371.200000
361.400000
354.900000
352.900000
348.400000
346.700000
344.900000
342.800000
341.000000
340.600000
340.900000
347.700000
368.000000
380.200000
390.900000
401.200000
408.900000
413.700000
414.900000
411.400000
411.600000
401.700000
397.500000
380.600000
370.100000
370.000000
368.300000
367.500000
372.600000
389.800000
404.600000
402.300000
401.400000
401.100000
401.900000
403.200000
393.400000
400.600000
393.700000
399.300000
411.700000
428.200000
432.100000
426.400000
423.000000
417.100000
408.000000
401.700000
413.700000
400.400000
382.700000
382.900000
385.400000
399.800000
402.900000
390.100000
394.300000
393.100000
387.900000
386.000000
383.200000
381.200000
393.200000
406.100000
406.400000
405.800000
384.200000
386.800000
371.600000
368.300000
360.900000
351.800000
342.500000
338.600000
335.900000
336.900000
330.100000
326.400000
332.300000
349.500000
355.000000
351.600000
352.800000
363.600000
369.600000
369.000000
357.300000
366.700000
368.900000
374.100000
378.800000
376.800000
372.800000
369.500000
367.800000
359.900000
347.600000
342.600000
344.600000
345.900000
344.200000
340.700000
347.300000
352.600000
354.100000
354.600000
354.900000
362.900000
352.900000
354.500000
370.500000
382.200000
386.900000
387.400000
390.900000
397.600000
389.400000
386.300000
372.600000
359.000000
351.000000
347.300000
350.700000
366.000000
370.300000
368.200000
364.000000
371.300000
393.700000
399.800000
399.200000
400.700000
403.600000
393.900000
371.000000
379.400000
393.900000
410.400000
419.700000
404.200000
398.300000
388.600000
390.100000
399.700000
389.000000
351.300000
344.800000
326.700000
327.300000
315.400000
312.400000
316.200000
310.500000
307.300000
306.000000
309.400000
319.300000
331.900000
344.000000
364.100000
387.100000
383.500000
385.500000
372.400000
368.400000
364.300000
345.600000
374.100000
347.100000
334.300000
340.300000
323.000000
319.200000
316.700000
315.200000
313.100000
310.700000
310.100000
307.600000
307.100000
315.700000
331.800000
370.900000
372.600000
373.800000
363.900000
368.700000
371.500000
354.200000
342.200000
334.400000
326.900000
317.400000
313.700000
311.100000
323.400000
335.700000
340.200000
342.200000
341.800000
341.900000
340.000000
339.700000
348.300000
334.900000
322.400000
337.800000
356.100000
353.800000
359.300000
363.300000
362.400000
362.600000
357.800000
346.300000
336.800000
328.300000
323.700000
320.200000
317.500000
322.900000
329.400000
336.100000
341.000000
344.200000
346.100000
347.800000
353.400000
329.900000
338.900000
352.000000
363.900000
371.700000
375.500000
378.200000
376.800000
373.500000
365.300000
358.000000
349.400000
339.900000
335.800000
332.400000
329.800000
329.400000
328.100000
323.900000
323.000000
328.400000
340.900000
350.700000
356.900000
362.600000
371.200000
384.400000
395.400000
405.800000
412.300000
417.700000
418.900000
415.300000
408.600000
400.000000
391.600000
385.100000
382.500000
391.800000
392.400000
403.800000
412.600000
415.700000
405.200000
391.700000
377.200000
379.600000
379.300000
383.200000
407.600000
421.900000
422.000000
426.500000
431.300000
429.800000
420.300000
418.200000
419.100000
420.100000
419.600000
407.800000
408.400000
407.200000
409.400000
409.500000
411.000000
412.200000
414.600000
414.600000
411.700000
410.000000
408.400000
408.200000
405.600000
412.500000
411.800000
414.400000
419.000000
423.700000
428.400000
395.800000
398.000000
400.200000
395.600000
387.900000
392.300000
392.500000
394.500000
382.100000
387.900000
391.500000
389.500000
389.100000
389.700000
390.300000
391.200000
392.600000
391.700000
390.800000
395.300000
387.800000
377.500000
385.000000
369.800000
363.400000
359.400000
351.500000
334.700000
326.900000
322.500000
320.700000
322.400000
340.400000
345.000000
347.700000
349.200000
352.000000
351.300000
349.000000
354.700000
358.900000
340.600000
358.700000
354.600000
367.400000
364.300000
366.800000
366.600000
357.700000
354.000000
349.200000
343.600000
338.400000
333.800000
335.900000
335.200000
339.700000
330.800000
340.100000
327.400000
359.500000
324.100000
310.000000
325.200000
327.500000
337.200000
355.300000
363.500000
363.500000
358.900000
344.400000
339.600000
336.700000
332.400000
323.800000
319.400000
310.300000
305.700000
302.900000
312.100000
327.600000
331.400000
333.600000
334.700000
342.000000
348.700000
343.800000
344.800000
339.700000
314.000000
319.600000
326.400000
332.600000
332.100000
338.400000
347.900000
342.300000
328.500000
315.800000
305.000000
299.000000
294.200000
293.700000
297.000000
311.800000
321.700000
325.100000
324.300000
323.200000
321.600000
322.800000
336.900000
353.100000
334.100000
326.300000
344.300000
353.700000
346.900000
350.200000
346.300000
332.900000
326.300000
317.800000
307.700000
299.300000
295.600000
294.900000
298.200000
295.000000
296.400000
296.900000
309.000000
315.900000
322.900000
326.700000
331.800000
322.700000
320.700000
330.000000
348.500000
349.000000
361.500000
364.700000
384.300000
378.300000
379.600000
383.500000
385.900000
383.400000
381.800000
380.600000
379.400000
372.300000
348.000000
337.500000
343.500000
363.300000
345.400000
337.000000
327.900000
359.300000
378.500000
381.000000
385.300000
367.600000
371.800000
390.900000
394.800000
402.800000
382.400000
395.300000
394.400000
392.700000
390.100000
389.100000
387.100000
386.200000
382.900000
382.800000
384.000000
380.100000
380.300000
384.100000
382.400000
381.500000
380.200000
380.200000
379.800000
378.500000
387.800000
383.700000
384.500000
381.000000
377.200000
379.200000
374.100000
370.800000
368.500000
368.200000
358.800000
353.100000
357.400000
369.500000
372.500000
373.200000
355.400000
352.200000
368.800000
345.800000
337.700000
347.200000
355.300000
361.900000
365.400000
372.400000
362.900000
358.300000
351.100000
346.500000
340.400000
336.700000
337.600000
334.900000
332.500000
330.600000
329.400000
334.300000
346.500000
352.400000
351.500000
347.400000
351.500000
354.700000
340.800000
354.400000
364.800000
378.700000
390.500000
398.600000
402.500000
393.000000
377.300000
363.200000
353.400000
344.700000
339.400000
335.900000
332.400000
329.500000
331.200000
343.600000
354.000000
358.300000
356.700000
355.600000
357.800000
358.500000
339.600000
352.600000
361.300000
366.800000
381.900000
376.500000
379.400000
371.400000
362.500000
351.000000
339.700000
332.200000
328.700000
328.600000
331.600000
334.000000
329.500000
331.100000
339.500000
352.700000
352.200000
356.900000
366.000000
364.900000
367.300000
364.700000
378.300000
394.700000
396.100000
390.000000
384.100000
376.300000
370.300000
364.200000
358.400000
359.400000
354.400000
346.100000
344.500000
344.100000
361.900000
374.500000
358.800000
348.400000
346.000000
346.400000
345.200000
354.600000
372.800000
405.900000
385.400000
392.800000
396.300000
400.700000
402.200000
391.300000
395.900000
379.000000
372.700000
365.000000
358.600000
349.500000
343.700000
344.200000
341.600000
341.800000
367.100000
369.200000
374.600000
377.800000
358.300000
386.100000
402.000000
406.300000
409.900000
394.600000
410.400000
403.700000
400.200000
409.600000
383.000000
376.300000
364.600000
360.200000
363.900000
345.600000
339.300000
335.300000
346.700000
352.600000
358.800000
357.600000
361.000000
361.000000
364.100000
369.700000
346.000000
358.200000
367.900000
386.800000
389.400000
384.800000
381.200000
371.000000
364.600000
356.200000
347.500000
342.500000
339.800000
334.400000
329.800000
334.500000
344.400000
355.400000
356.500000
357.600000
354.000000
358.000000
359.900000
376.100000
385.900000
365.200000
378.000000
409.800000
403.200000
406.600000
394.600000
390.300000
382.600000
371.100000
369.600000
383.000000
392.800000
393.800000
394.000000
392.400000
392.500000
390.800000
389.200000
388.100000
386.100000
384.600000
387.100000
394.000000
398.500000
406.100000
406.200000
404.500000
402.600000
391.200000
395.500000
378.100000
371.800000
362.100000
358.100000
352.400000
363.900000
381.600000
354.600000
351.200000
372.700000
363.600000
364.900000
369.900000
363.300000
364.900000
367.600000
373.300000
355.200000
360.700000
367.300000
374.500000
377.300000
378.900000
384.600000
381.900000
370.600000
355.000000
343.800000
342.700000
340.900000
337.000000
335.400000
336.800000
343.000000
342.500000
340.500000
351.400000
361.500000
359.400000
362.300000
368.000000
361.700000
370.100000
376.600000
383.600000
381.900000
379.000000
378.600000
381.900000
379.200000
371.700000
358.900000
343.400000
345.000000
355.800000
367.400000
364.600000
355.900000
367.000000
367.300000
368.900000
365.400000
365.000000
360.700000
355.400000
361.400000
369.100000
374.000000
376.500000
381.600000
385.200000
378.200000
372.600000
369.000000
366.400000
360.100000
350.300000
339.900000
332.500000
322.900000
316.800000
316.800000
326.100000
336.500000
340.000000
343.500000
344.600000
345.900000
336.000000
335.300000
352.600000
363.700000
372.600000
379.100000
381.200000
388.100000
384.900000
374.200000
365.800000
357.500000
351.200000
345.700000
354.300000
344.900000
331.300000
334.200000
343.900000
351.800000
344.700000
346.200000
346.800000
349.000000
357.700000
350.900000
366.500000
365.400000
375.900000
389.300000
397.600000
383.700000
381.100000
372.800000
361.000000
351.200000
346.400000
340.900000
337.800000
332.000000
326.600000
324.300000
323.000000
334.700000
342.700000
345.600000
343.700000
344.000000
346.100000
333.600000
350.100000
363.300000
369.900000
370.900000
372.800000
370.700000
364.900000
364.800000
355.400000
347.400000
342.400000
333.400000
322.900000
323.300000
320.100000
313.200000
308.100000
302.900000
311.600000
329.500000
332.600000
333.600000
343.700000
334.800000
339.500000
350.400000
349.100000
356.400000
353.900000
348.700000
344.200000
338.900000
334.700000
340.800000
324.100000
316.100000
321.900000
316.200000
314.700000
312.100000
312.400000
324.400000
313.800000
313.000000
347.300000
347.000000
320.300000
336.500000
355.300000
360.700000
362.300000
371.100000
380.100000
380.500000
378.600000
368.200000
362.600000
355.400000
349.200000
351.300000
357.500000
348.300000
350.700000
364.500000
360.700000
372.500000
393.100000
395.100000
395.200000
394.700000
377.000000
362.200000
365.300000
376.500000
373.900000
370.600000
371.200000
370.500000
356.000000
358.800000
332.900000
327.400000
311.300000
294.200000
291.900000
303.900000
313.600000
317.600000
320.500000
322.600000
322.300000
321.600000
321.600000
325.300000
326.100000
306.700000
338.700000
359.700000
367.900000
370.800000
363.100000
360.400000
356.100000
353.700000
334.000000
308.400000
319.600000
328.500000
329.100000
330.200000
333.500000
339.900000
339.200000
344.900000
347.100000
348.500000
348.200000
350.400000
357.900000
368.100000
377.500000
333.100000
331.100000
334.800000
340.700000
338.600000
337.300000
331.000000
324.500000
315.800000
313.200000
320.900000
311.000000
315.100000
296.700000
296.000000
302.000000
312.000000
314.600000
316.500000
318.500000
318.700000
317.300000
310.200000
326.000000
333.800000
342.100000
347.700000
349.000000
351.600000
354.000000
347.900000
345.200000
348.600000
351.900000
356.000000
358.300000
363.600000
354.300000
314.500000
330.000000
338.000000
346.000000
334.300000
319.600000
307.600000
303.600000
317.100000
321.700000
334.400000
363.400000
378.200000
375.700000
376.400000
373.800000
372.500000
367.400000
372.300000
370.200000
369.000000
368.300000
366.100000
364.100000
361.000000
362.600000
365.200000
366.600000
365.600000
365.100000
364.500000
367.700000
388.300000
360.200000
343.200000
354.200000
352.200000
364.100000
361.200000
349.800000
342.300000
332.700000
320.600000
313.900000
307.900000
304.900000
303.100000
302.400000
300.300000
300.200000
299.000000
297.600000
297.500000
296.900000
299.500000
301.800000
317.000000
332.000000
345.400000
352.200000
360.400000
354.200000
346.200000
339.900000
332.000000
318.400000
306.500000
295.700000
289.600000
283.600000
276.000000
270.800000
272.100000
271.500000
269.000000
267.000000
268.600000
267.200000
264.000000
268.000000
280.400000
288.300000
297.600000
304.600000
309.600000
311.800000
308.200000
305.900000
300.600000
293.800000
284.500000
275.900000
271.300000
268.000000
266.100000
263.700000
261.500000
259.900000
257.300000
259.400000
268.500000
280.600000
286.800000
262.101000
273.700000
290.300000
303.000000
310.200000
316.300000
321.100000
325.800000
322.500000
310.800000
298.100000
289.100000
283.900000
280.200000
282.600000
281.900000
281.000000
279.400000
278.600000
277.700000
277.000000
275.100000
275.100000
275.900000
285.700000
300.300000
315.600000
328.200000
365.800000
382.700000
388.700000
396.800000
357.300000
382.900000
390.100000
389.600000
389.700000
378.900000
351.000000
356.300000
366.700000
379.500000
385.300000
385.900000
383.400000
383.400000
384.400000
383.300000
383.000000
384.200000
377.900000
362.300000
357.800000
354.500000
353.500000
352.200000
348.800000
337.100000
289.100000
311.400000
326.700000
331.700000
332.000000
330.900000
325.700000
326.600000
331.900000
330.900000
330.600000
332.600000
327.600000
325.500000
330.500000
330.900000
335.100000
334.300000
338.600000
337.100000
337.100000
333.700000
333.600000
334.400000
331.400000
327.100000
331.000000
332.700000
322.600000
298.300000
316.200000
329.800000
329.500000
327.800000
324.500000
323.700000
327.800000
327.900000
330.600000
336.600000
336.900000
338.600000
334.500000
323.800000
337.600000
336.600000
338.800000
319.000000
277.800000
283.600000
263.700000
261.101000
259.500000
257.101000
254.000000
254.400000
273.800000
272.200000
275.400000
284.900000
291.400000
293.000000
293.300000
292.500000
293.000000
305.100000
316.400000
327.200000
340.800000
340.500000
342.500000
339.100000
328.500000
328.300000
331.100000
336.600000
336.300000
337.000000
335.100000
331.800000
323.700000
284.300000
296.500000
320.100000
330.700000
338.300000
339.600000
342.700000
344.400000
345.800000
358.400000
362.300000
367.600000
375.000000
372.100000
370.200000
368.900000
366.700000
366.300000
365.900000
365.500000
365.700000
365.400000
365.700000
353.600000
349.800000
347.700000
351.400000
345.000000
307.600000
283.300000
281.100000
319.200000
334.600000
336.500000
336.400000
331.400000
329.200000
331.500000
328.500000
283.100000
289.600000
259.601000
256.200000
254.700000
251.400000
257.400000
272.000000
282.300000
285.400000
287.500000
288.000000
288.900000
290.300000
282.600000
267.100000
284.500000
300.900000
315.100000
324.600000
328.600000
332.200000
329.300000
330.400000
311.100000
297.900000
292.900000
291.500000
296.100000
301.500000
339.300000
345.400000
339.000000
347.200000
343.300000
338.600000
334.500000
332.300000
331.400000
329.000000
329.400000
331.900000
331.500000
334.300000
331.900000
332.700000
332.400000
331.700000
329.100000
325.700000
323.700000
322.100000
320.100000
318.600000
316.900000
316.700000
312.700000
305.400000
275.100000
259.200000
242.300000
244.800000
235.400000
256.000000
256.700000
261.400000
265.900000
270.600000
272.300000
272.700000
270.000000
265.100000
261.101000
255.600000
253.400000
251.300000
249.900000
273.900000
298.600000
294.500000
292.500000
289.700000
289.100000
287.500000
285.500000
284.400000
284.400000
285.800000
286.600000
288.600000
292.400000
268.000000
248.800000
251.800000
246.600000
242.900000
236.500000
230.700000
230.500000
230.200000
280.200000
280.400000
280.600000
284.800000
285.700000
281.500000
289.600000
290.600000
290.700000
290.300000
292.500000
295.000000
297.800000
300.800000
300.800000
302.500000
304.000000
304.100000
304.800000
304.500000
303.500000
304.100000
303.800000
303.200000
301.800000
303.100000
302.600000
303.300000
304.500000
306.900000
306.400000
306.700000
306.700000
306.700000
306.000000
319.800000
328.600000
323.100000
315.700000
315.600000
316.200000
298.100000
317.000000
315.900000
313.000000
310.400000
305.300000
298.600000
299.000000
299.700000
304.200000
283.300000
295.700000
302.500000
302.700000
301.600000
295.200000
253.600000
251.100000
272.200000
285.100000
293.100000
323.400000
323.200000
323.800000
323.300000
321.700000
321.500000
320.100000
318.400000
317.300000
316.800000
316.500000
317.100000
317.100000
316.600000
316.700000
316.600000
316.000000
315.900000
316.200000
316.100000
316.400000
318.200000
319.900000
321.700000
323.100000
325.000000
325.900000
326.300000
327.800000
329.200000
328.700000
329.100000
329.500000
330.000000
330.400000
330.700000
330.600000
329.300000
329.200000
329.100000
328.800000
328.700000
329.000000
328.500000
330.100000
336.200000
341.700000
340.500000
339.500000
337.100000
334.800000
333.900000
334.400000
331.900000
328.500000
326.900000
287.700000
257.300000
253.800000
279.100000
318.200000
307.600000
275.400000
270.900000
264.200000
311.500000
314.500000
314.700000
315.800000
317.500000
314.800000
323.400000
328.300000
328.800000
330.300000
323.400000
322.000000
323.300000
321.900000
317.700000
311.300000
317.900000
321.900000
319.900000
314.900000
305.500000
318.000000
318.800000
319.100000
319.400000
318.200000
317.600000
319.600000
319.100000
318.800000
322.300000
324.600000
321.500000
313.400000
277.200000
269.800000
262.200000
257.200000
251.700000
249.300000
247.200000
251.800000
251.700000
245.200000
258.800000
267.500000
274.400000
277.900000
289.300000
289.500000
284.600000
268.800000
277.000000
285.600000
296.900000
305.300000
311.100000
315.500000
316.300000
315.300000
315.300000
311.800000
308.300000
306.600000
304.900000
301.700000
301.100000
297.100000
291.900000
292.000000
293.600000
293.800000
297.700000
302.400000
306.800000
315.200000
299.100000
306.700000
317.800000
326.700000
334.400000
341.100000
346.400000
343.000000
343.800000
342.500000
341.200000
336.500000
319.000000
313.000000
324.100000
359.700000
357.300000
360.800000
360.100000
339.200000
315.000000
312.400000
326.400000
366.600000
370.400000
371.800000
370.700000
372.900000
373.200000
374.800000
377.800000
378.300000
376.900000
375.300000
374.000000
373.500000
375.300000
374.200000
374.800000
376.800000
376.600000
377.100000
379.200000
380.500000
383.400000
382.000000
378.200000
371.600000
354.300000
354.500000
356.000000
356.400000
355.700000
349.600000
345.300000
342.000000
336.700000
335.400000
332.200000
334.000000
333.900000
332.700000
332.500000
332.300000
329.600000
327.600000
326.300000
325.300000
325.400000
325.100000
324.200000
322.000000
321.600000
321.700000
323.900000
324.600000
322.800000
323.900000
324.700000
324.600000
324.300000
323.200000
322.900000
322.800000
321.100000
321.500000
319.900000
316.700000
312.400000
310.900000
311.200000
311.600000
311.400000
311.500000
311.200000
312.000000
315.200000
316.700000
319.400000
322.400000
323.000000
315.900000
269.200000
255.400000
256.000000
252.300000
251.000000
248.700000
247.300000
248.000000
248.900000
249.500000
258.101000
275.000000
278.000000
280.900000
283.300000
289.600000
288.800000
293.700000
299.700000
311.300000
315.900000
334.200000
341.700000
347.000000
349.900000
352.400000
351.600000
336.800000
311.900000
302.300000
300.100000
299.200000
300.700000
300.500000
308.100000
312.200000
319.300000
328.800000
333.700000
322.000000
325.500000
306.300000
289.400000
290.500000
296.100000
330.600000
348.600000
340.400000
340.600000
335.000000
333.900000
329.900000
305.900000
289.400000
297.600000
282.800000
281.100000
271.100000
256.900000
268.200000
275.700000
285.500000
292.700000
294.400000
294.900000
297.200000
291.300000
264.300000
274.500000
291.000000
287.600000
282.500000
279.500000
275.400000
270.800000
264.100000
256.400000
252.500000
249.300000
247.700000
245.900000
242.700000
241.100000
240.300000
239.800000
238.600000
238.100000
240.300000
245.700000
238.300000
247.900000
261.500000
271.900000
281.100000
285.100000
287.000000
284.100000
279.900000
275.000000
269.700000
263.500000
284.100000
296.300000
304.200000
285.200000
264.800000
293.300000
311.700000
324.300000
318.100000
309.100000
319.900000
327.600000
318.500000
312.200000
319.600000
326.800000
332.100000
338.100000
349.800000
348.600000
341.600000
363.600000
362.700000
361.900000
356.900000
360.300000
359.600000
360.000000
351.600000
361.900000
362.600000
357.000000
355.300000
355.100000
355.900000
355.900000
356.400000
357.400000
359.500000
366.500000
366.800000
369.000000
372.400000
371.500000
371.100000
370.400000
369.300000
369.200000
368.600000
368.100000
362.700000
350.900000
349.700000
351.300000
349.500000
332.700000
336.100000
323.400000
317.700000
320.600000
320.900000
318.500000
322.800000
329.000000
330.200000
324.200000
318.900000
315.600000
284.000000
283.600000
290.600000
269.300000
301.700000
263.600000
257.900000
291.100000
287.900000
273.600000
253.300000
240.800000
236.000000
234.600000
235.200000
239.000000
240.700000
253.100000
282.300000
296.700000
287.700000
286.100000
290.700000
294.700000
296.200000
295.100000
288.500000
284.300000
282.600000
290.500000
328.900000
330.000000
328.800000
329.500000
303.500000
278.000000
277.400000
281.500000
278.700000
278.900000
276.900000
278.900000
290.100000
304.900000
314.100000
326.300000
328.600000
331.600000
331.300000
330.200000
323.900000
319.100000
307.300000
311.600000
303.400000
321.000000
321.000000
307.400000
290.600000
275.300000
268.200000
270.800000
298.100000
298.200000
321.100000
298.800000
311.800000
317.500000
323.100000
321.600000
324.000000
307.100000
286.400000
299.400000
262.300000
255.800000
251.500000
245.900000
237.600000
234.400000
233.100000
230.500000
230.500000
232.700000
233.500000
232.300000
244.200000
263.800000
282.600000
274.100000
312.500000
310.000000
328.300000
332.300000
335.900000
339.000000
314.800000
271.500000
266.800000
263.600000
261.800000
261.300000
258.000000
254.200000
253.900000
250.400000
246.800000
246.000000
246.200000
249.000000
250.700000
250.100000
248.000000
251.700000
258.000000
264.800000
273.100000
278.400000
279.800000
277.800000
273.200000
268.100000
262.700000
258.101000
254.400000
252.600000
248.100000
246.000000
245.500000
243.100000
242.400000
243.500000
246.800000
249.300000
250.300000
250.800000
252.800000
262.000000
276.700000
292.800000
304.800000
310.800000
313.300000
312.800000
309.700000
306.100000
298.100000
292.300000
290.100000
289.900000
290.600000
289.100000
285.700000
283.100000
282.200000
281.500000
278.800000
290.100000
309.100000
313.800000
317.200000
295.800000
305.600000
319.800000
319.200000
322.200000
324.800000
325.400000
319.700000
312.200000
303.800000
297.100000
294.700000
293.700000
289.800000
290.700000
288.300000
288.300000
286.300000
283.300000
280.100000
278.000000
275.500000
274.800000
272.200000
277.300000
290.600000
300.200000
307.600000
311.800000
314.000000
311.100000
308.100000
303.900000
297.700000
293.700000
290.900000
289.800000
290.500000
291.300000
292.800000
296.500000
294.100000
292.000000
290.500000
295.500000
282.100000
301.500000
309.300000
287.900000
306.000000
317.700000
330.100000
338.800000
342.500000
337.600000
338.900000
336.600000
334.800000
327.300000
316.300000
311.300000
303.700000
290.300000
288.700000
280.700000
273.000000
269.100000
264.000000
260.500000
255.700000
255.300000
257.601000
265.500000
276.600000
285.500000
292.100000
299.000000
303.200000
310.700000
310.800000
311.700000
304.700000
288.400000
281.600000
297.800000
294.700000
295.500000
283.100000
277.500000
268.400000
265.900000
265.000000
262.300000
261.400000
258.400000
255.500000
259.300000
271.200000
280.800000
289.600000
294.800000
297.400000
296.100000
295.900000
295.800000
293.000000
284.200000
276.900000
271.800000
269.200000
269.600000
269.200000
265.700000
266.600000
267.900000
267.700000
266.600000
265.700000
263.500000
262.900000
266.900000
275.300000
285.300000
292.900000
299.800000
305.400000
309.100000
308.700000
313.200000
301.000000
306.300000
310.200000
303.600000
289.700000
280.700000
280.100000
280.800000
321.900000
345.300000
346.900000
348.300000
348.800000
347.700000
343.500000
341.000000
337.200000
330.600000
340.600000
341.900000
339.500000
340.600000
335.200000
324.300000
316.300000
312.900000
311.700000
309.500000
310.400000
310.300000
307.600000
307.500000
308.200000
306.400000
306.600000
313.500000
320.100000
354.400000
355.800000
356.800000
356.700000
359.800000
362.600000
361.300000
350.100000
347.300000
345.200000
342.000000
339.300000
338.300000
336.700000
335.600000
335.100000
335.700000
334.200000
333.000000
331.600000
329.300000
327.900000
327.100000
326.800000
308.400000
280.100000
308.600000
294.800000
299.500000
303.000000
305.200000
278.300000
280.600000
285.000000
267.600000
271.900000
295.000000
306.400000
311.400000
303.000000
309.500000
291.900000
246.100000
242.800000
241.100000
250.900000
270.900000
275.500000
284.000000
275.400000
279.000000
294.100000
299.600000
307.000000
307.200000
299.000000
314.900000
314.600000
313.900000
313.500000
311.800000
312.200000
310.300000
310.000000
310.000000
307.100000
307.400000
305.600000
306.900000
309.100000
309.000000
307.800000
306.300000
306.900000
306.700000
308.200000
312.400000
311.000000
312.600000
313.700000
313.600000
316.100000
314.400000
312.700000
308.000000
303.400000
305.600000
316.100000
315.000000
308.300000
313.500000
312.100000
309.200000
307.900000
297.800000
255.800000
246.200000
234.900000
268.100000
236.800000
250.200000
259.900000
264.300000
265.100000
262.900000
256.601000
251.000000
246.400000
245.300000
242.600000
241.800000
242.000000
236.800000
236.300000
235.100000
236.200000
234.300000
234.100000
236.600000
239.200000
254.700000
304.200000
310.200000
312.100000
319.700000
301.800000
330.200000
330.400000
330.000000
329.600000
326.600000
309.200000
265.600000
304.700000
297.500000
311.300000
323.200000
323.200000
323.300000
323.500000
322.900000
322.500000
321.600000
321.300000
319.300000
320.100000
322.500000
328.300000
331.700000
330.900000
313.900000
302.900000
283.300000
276.900000
268.800000
261.101000
259.101000
266.200000
290.500000
297.000000
294.500000
295.100000
292.300000
294.100000
295.000000
289.500000
288.100000
285.400000
282.800000
286.700000
298.700000
284.900000
248.100000
255.900000
262.700000
267.300000
268.500000
266.000000
261.400000
255.000000
249.000000
246.600000
246.500000
245.400000
242.000000
240.400000
238.200000
237.300000
238.000000
246.900000
264.000000
277.900000
286.000000
290.900000
281.800000
262.400000
278.000000
291.000000
302.600000
349.300000
314.600000
335.700000
347.900000
345.100000
324.700000
290.500000
281.400000
300.200000
326.200000
330.300000
321.900000
333.400000
333.500000
339.600000
314.100000
338.900000
340.900000
340.100000
329.900000
299.000000
296.500000
330.800000
341.000000
332.000000
326.100000
345.700000
342.100000
306.200000
299.300000
302.200000
310.100000
327.700000
326.900000
315.100000
313.800000
306.400000
284.600000
299.300000
312.100000
316.700000
307.800000
311.200000
319.000000
322.000000
332.200000
328.600000
330.700000
332.100000
333.600000
331.100000
338.800000
342.800000
341.600000
340.300000
342.200000
331.300000
327.200000
325.900000
314.200000
311.500000
321.400000
319.000000
322.200000
323.800000
322.000000
319.900000
319.200000
318.100000
317.700000
317.500000
318.800000
320.400000
319.600000
320.700000
281.300000
270.500000
251.100000
243.900000
241.000000
238.600000
234.100000
233.000000
239.100000
273.700000
295.600000
304.700000
310.800000
309.000000
307.500000
284.800000
236.900000
237.800000
249.000000
258.300000
259.300000
279.700000
276.200000
266.100000
282.800000
287.400000
242.400000
237.600000
234.000000
231.700000
228.800000
226.600000
222.300000
218.200000
215.600000
220.700000
274.600000
234.000000
237.600000
234.700000
213.600000
221.800000
230.000000
236.100000
241.800000
244.500000
242.000000
244.100000
245.000000
245.400000
247.100000
248.800000
247.900000
248.900000
249.300000
249.500000
248.900000
248.900000
250.400000
250.800000
250.200000
250.000000
249.400000
248.500000
250.500000
259.300000
270.100000
281.400000
291.000000
295.200000
295.100000
294.200000
293.900000
289.400000
280.000000
268.900000
263.500000
258.200000
255.100000
254.800000
252.200000
253.300000
251.500000
250.700000
244.900000
246.300000
246.200000
249.000000
242.000000
252.200000
267.200000
275.800000
289.100000
297.300000
291.900000
286.600000
277.400000
280.100000
281.700000
283.200000
286.400000
290.900000
293.700000
270.900000
265.600000
259.200000
302.200000
296.900000
267.700000
295.300000
310.400000
307.700000
292.700000
243.400000
241.200000
246.500000
248.900000
249.700000
247.600000
243.200000
238.300000
233.800000
229.000000
224.300000
224.300000
223.700000
223.700000
224.500000
223.700000
225.300000
236.100000
245.000000
248.200000
253.700000
259.400000
262.300000
260.601000
244.800000
258.300000
270.200000
278.700000
283.100000
282.200000
280.300000
276.100000
271.100000
266.700000
262.000000
258.200000
254.900000
254.200000
252.900000
252.000000
248.900000
250.800000
250.800000
250.300000
247.700000
245.300000
243.400000
244.500000
251.100000
260.000000
270.700000
275.000000
278.500000
275.500000
272.100000
272.000000
260.900000
249.800000
244.700000
241.500000
240.000000
239.600000
237.500000
232.000000
232.200000
237.500000
240.300000
256.400000
264.200000
248.000000
231.400000
223.800000
227.000000
228.000000
252.200000
243.000000
229.600000
227.000000
223.800000
223.300000
216.500000
215.300000
219.900000
212.100000
207.800000
203.900000
200.000000
199.500000
198.500000
198.400000
213.100000
211.600000
234.800000
262.101000
235.800000
199.200000
203.600000
208.500000
228.900000
251.300000
264.000000
266.300000
267.500000
262.101000
259.900000
253.100000
212.500000
196.300000
193.600000
190.900000
190.300000
189.000000
188.200000
187.400000
186.200000
186.800000
187.100000
186.300000
187.800000
188.900000
197.100000
214.200000
259.900000
268.700000
268.100000
247.700000
215.000000
208.200000
205.700000
204.100000
202.500000
200.000000
199.800000
199.400000
198.600000
197.700000
197.400000
197.200000
197.100000
196.200000
195.200000
196.700000
201.100000
200.000000
220.400000
218.600000
226.500000
234.300000
236.300000
238.000000
238.100000
239.200000
239.700000
234.300000
224.500000
221.000000
218.400000
231.500000
252.000000
244.700000
232.500000
238.600000
239.900000
249.100000
253.900000
258.800000
258.101000
260.601000
267.700000
269.800000
269.800000
274.600000
278.000000
276.200000
274.800000
273.900000
273.800000
272.600000
270.200000
268.100000
265.900000
264.100000
253.800000
249.300000
245.300000
211.900000
194.000000
190.900000
193.700000
201.100000
207.800000
210.900000
191.400000
200.600000
206.100000
215.800000
232.800000
237.700000
237.500000
236.900000
241.200000
249.300000
259.601000
261.400000
263.700000
264.300000
265.200000
265.200000
265.000000
265.400000
266.000000
266.000000
265.100000
267.700000
268.600000
270.500000
273.200000
275.200000
276.800000
279.400000
279.900000
280.500000
280.700000
279.300000
278.200000
277.200000
274.800000
272.900000
270.600000
264.900000
258.800000
254.700000
250.300000
242.600000
221.800000
214.200000
209.100000
193.400000
182.100000
178.100000
176.200000
175.000000
177.300000
179.000000
177.800000
175.500000
172.800000
170.800000
168.900000
166.900000
165.700000
163.600000
169.300000
159.900000
158.400000
158.000000
156.000000
154.900000
156.500000
160.100000
160.900000
162.000000
165.200000
167.500000
172.100000
180.400000
185.300000
190.500000
192.200000
190.900000
189.400000
187.100000
185.700000
183.400000
182.000000
184.500000
185.900000
186.000000
186.000000
187.700000
190.400000
188.600000
189.800000
187.700000
186.800000
187.300000
185.600000
186.000000
192.000000
198.800000
202.500000
207.000000
207.400000
207.300000
206.800000
204.800000
202.800000
201.400000
199.100000
200.400000
201.100000
201.100000
202.400000
203.600000
209.400000
222.200000
247.000000
273.500000
277.600000
268.500000
251.800000
237.500000
238.400000
234.700000
274.000000
306.700000
304.800000
301.500000
298.200000
298.200000
297.500000
298.100000
297.900000
295.000000
289.300000
267.000000
266.200000
251.500000
229.100000
234.700000
266.500000
267.500000
264.200000
261.101000
271.300000
277.200000
283.700000
288.200000
289.100000
285.300000
285.300000
283.100000
282.300000
283.100000
283.300000
278.800000
277.300000
278.900000
279.100000
276.700000
272.900000
269.200000
265.900000
259.900000
254.000000
251.200000
250.700000
248.600000
247.000000
247.600000
250.100000
253.200000
255.900000
258.101000
229.800000
248.400000
252.700000
253.500000
251.000000
204.500000
188.300000
186.500000
184.200000
182.100000
181.700000
180.400000
180.200000
181.400000
179.100000
179.400000
179.100000
178.400000
179.000000
178.300000
181.300000
189.200000
189.400000
193.300000
197.700000
195.900000
192.000000
190.200000
190.700000
191.700000
192.500000
194.000000
195.500000
197.200000
197.500000
198.400000
199.900000
207.200000
216.000000
228.200000
228.500000
218.800000
216.300000
227.700000
233.000000
227.500000
229.600000
231.800000
244.300000
274.400000
276.300000
271.700000
265.500000
268.100000
271.800000
272.600000
273.800000
272.200000
272.800000
265.300000
266.400000
269.900000
279.700000
253.200000
237.200000
246.300000
236.500000
250.000000
232.700000
233.600000
234.600000
254.600000
270.300000
262.300000
268.500000
249.000000
250.500000
254.900000
264.300000
260.000000
258.900000
249.200000
260.400000
268.500000
271.100000
264.100000
271.200000
262.800000
265.400000
270.100000
281.100000
285.600000
277.400000
269.300000
245.900000
264.200000
249.100000
292.600000
294.100000
299.400000
299.800000
297.800000
296.100000
295.400000
293.800000
291.700000
289.300000
288.200000
287.400000
285.400000
284.000000
282.100000
280.500000
278.500000
276.400000
276.800000
276.700000
277.000000
277.800000
277.800000
278.200000
278.600000
279.000000
280.500000
281.200000
282.600000
283.700000
283.800000
284.600000
285.700000
286.500000
287.700000
288.500000
288.800000
289.700000
291.200000
292.700000
288.300000
283.900000
280.700000
266.300000
241.500000
267.500000
305.100000
304.500000
303.400000
299.100000
298.000000
297.300000
295.200000
294.600000
294.100000
292.700000
291.500000
289.300000
289.500000
290.500000
291.000000
291.700000
285.600000
274.000000
279.500000
274.800000
276.600000
275.400000
253.000000
280.000000
288.700000
294.600000
287.700000
299.700000
298.100000
272.100000
254.500000
265.800000
266.700000
241.200000
239.800000
239.900000
238.300000
244.200000
277.000000
289.800000
293.300000
294.800000
294.600000
292.700000
290.900000
294.600000
297.500000
298.400000
297.800000
297.000000
297.000000
297.400000
296.900000
296.800000
297.200000
298.500000
300.300000
300.700000
301.200000
301.700000
302.300000
302.400000
302.600000
302.700000
303.200000
304.500000
303.900000
306.400000
306.500000
306.700000
307.100000
308.100000
307.500000
307.800000
307.300000
307.100000
306.800000
306.500000
306.200000
306.100000
306.100000
306.100000
306.100000
306.300000
303.700000
300.300000
295.900000
292.700000
291.300000
289.800000
284.700000
279.600000
274.600000
272.000000
272.600000
270.500000
268.500000
267.400000
265.500000
263.100000
261.700000
260.101000
259.000000
258.500000
257.500000
256.601000
256.200000
255.200000
254.300000
252.700000
251.300000
250.000000
249.400000
248.300000
247.000000
248.100000
252.000000
256.601000
262.500000
266.600000
268.700000
270.400000
271.800000
272.200000
272.700000
272.700000
273.100000
273.400000
275.800000
277.800000
280.100000
276.700000
275.600000
275.200000
276.900000
279.700000
283.300000
284.100000
285.400000
285.500000
285.400000
287.700000
289.500000
289.600000
290.100000
289.900000
287.800000
286.400000
282.700000
280.700000
279.500000
278.600000
277.600000
277.200000
276.200000
276.000000
274.700000
271.400000
271.100000
270.400000
271.700000
274.200000
276.100000
271.520000
265.738000
279.040000
272.600000
275.086000
286.300000
290.000000
286.700000
291.246000
288.642000
281.221000
283.297000
290.100000
290.700000
293.400000
294.500000
291.800000
290.200000
236.500000
229.000000
220.900000
212.600000
210.700000
212.300000
214.100000
212.900000
215.300000
217.800000
263.300000
278.900000
272.300000
268.200000
263.200000
265.400000
255.400000
224.900000
198.700000
193.600000
192.700000
193.800000
200.800000
207.300000
217.100000
223.600000
224.600000
226.500000
224.500000
226.400000
228.000000
232.700000
248.700000
247.600000
232.500000
218.000000
214.800000
220.500000
228.500000
241.000000
244.000000
236.900000
238.000000
253.200000
267.900000
273.000000
269.600000
267.600000
279.600000
281.600000
286.000000
282.700000
289.800000
291.600000
293.700000
296.300000
298.700000
303.600000
305.100000
306.500000
305.600000
297.800000
270.100000
241.600000
210.000000
226.800000
224.200000
199.900000
209.100000
195.900000
193.900000