-4.176000
-4.015000
-4.173000
-4.484000
-4.833000
-4.650000
-4.026000
-4.193000
-3.882000
-2.713000
-0.246000
1.200000
1.960000
3.762000
5.082000
5.605000
4.774000
3.144000
1.959000
0.756000
-0.435000
-1.154000
-1.103000
-0.879000
-1.197000
-1.207000
-2.982000
-3.122000
-2.523000
-3.305000
-4.555000
-4.041000
-4.150000
-1.508000
1.102000
3.297000
4.954000
5.625000
6.391000
6.180000
4.536000
2.659000
1.430000
0.949000
0.082000
0.267000
0.445000
0.891000
2.352000
2.391000
2.267000
2.186000
2.179000
1.787000
1.262000
1.088000
0.883000
0.920000
1.394000
1.856000
-3.099000
-4.566000
-4.541000
-5.494000
-6.366000
-7.426000
-8.087000
-8.540000
-9.152000
-9.584000
-10.177000
-11.120000
-12.191000
-12.671000
-12.835000
-12.981000
-13.517000
-14.110000
-14.282000
-14.319000
-14.407000
-13.194000
-11.446000
-9.416000
-7.926000
-6.913000
-5.750000
-5.647000
-6.265000
-7.060000
-8.182000
-8.663000
-9.320000
-9.431000
-10.284000
-11.997000
-12.464000
-11.823000
-10.969000
-11.338000
-10.208000
-10.001000
-10.351000
-9.625000
-8.191000
-5.243000
-2.262000
-0.019000
1.624000
2.572000
2.962000
3.064000
2.035000
-0.661000
-3.691000
-4.200000
-4.322000
-5.407000
-6.085000
-6.360000
-7.207000
-7.803000
-8.529000
-9.291000
-9.406000
-9.786000
-9.936000
-9.958000
-9.583000
-7.393000
-4.781000
-0.756000
3.045000
4.823000
6.278000
6.643000
5.412000
2.624000
2.835000
2.020000
-0.033000
-1.743000
-3.009000
-3.233000
-2.145000
-1.311000
-1.063000
-1.149000
-1.716000
-2.922000
-4.558000
-6.916000
-6.406000
-5.107000
-3.952000
-2.932000
-1.785000
-1.406000
-1.128000
-0.698000
-0.490000
-1.978000
-4.088000
-5.483000
-6.282000
-7.434000
-8.504000
-8.599000
-9.204000
-9.728000
-10.820000
-10.751000
-10.477000
-10.195000
-9.713000
-9.371000
-9.229000
-8.894000
-8.144000
-7.120000
-5.499000
-3.740000
-2.268000
-1.411000
-1.597000
-2.347000
-3.691000
-4.542000
-3.315000
-3.552000
-3.284000
-3.297000
-2.912000
-2.744000
-2.732000
1.588000
4.128000
4.276000
2.588000
0.138000
-0.851000
-0.988000
-0.235000
0.671000
0.750000
-0.569000
-1.148000
-1.856000
-2.854000
-3.938000
-4.261000
-4.748000
-5.464000
-5.966000
-6.541000
-7.158000
-7.569000
-7.862000
-8.061000
-8.213000
-8.368000
-8.593000
-9.263000
-9.390000
-9.858000
-9.362000
-8.824000
-8.326000
-7.745000
-6.805000
-6.006000
-5.581000
-5.754000
-6.518000
-5.841000
-6.155000
-5.837000
-5.399000
-4.298000
-3.458000
-3.555000
-3.535000
-2.691000
-3.331000
-3.132000
-3.245000
-3.388000
-2.968000
-2.938000
-0.949000
0.381000
0.460000
0.214000
0.509000
1.153000
0.433000
-0.128000
-1.718000
-2.748000
-3.962000
-5.302000
-6.550000
-5.775000
-4.910000
-4.411000
-3.407000
-2.701000
-2.192000
-1.916000
-1.838000
-1.483000
-0.802000
-0.570000
1.666000
2.618000
3.295000
1.752000
-0.147000
-2.800000
-6.681000
-9.330000
-10.649000
-11.627000
-12.761000
-13.680000
-14.381000
-15.011000
-15.639000
-15.942000
-16.276000
-16.514000
-16.850000
-16.765000
-16.826000
-17.484000
-18.365000
-17.171000
-15.214000
-14.020000
-12.559000
-11.860000
-11.149000
-9.930000
-8.056000
-7.032000
-6.070000
-4.666000
-3.650000
-3.059000
-0.041000
1.526000
2.067000
3.173000
2.900000
1.849000
-0.735000
-4.693000
-11.414000
-13.460000
-14.841000
-16.121000
-15.856000
-15.346000
-14.552000
-13.930000
-14.091000
-13.904000
-13.994000
-15.040000
-16.253000
-17.110000
-18.047000
-19.078000
-20.065000
-20.945000
-21.309000
-21.876000
-22.327000
-22.249000
-22.378000
-22.741000
-23.336000
-24.020000
-24.277000
-23.145000
-21.231000
-19.914000
-18.640000
-17.652000
-16.238000
-15.244000
-14.722000
-15.381000
-17.318000
-18.803000
-19.678000
-19.985000
-19.866000
-18.867000
-17.706000
-15.993000
-15.033000
-14.387000
-13.773000
-13.326000
-13.065000
-12.596000
-12.298000
-11.892000
-11.248000
-10.206000
-8.320000
-7.163000
-6.141000
-5.317000
-4.807000
-4.860000
-6.399000
-7.556000
-7.451000
-7.215000
-7.040000
-7.953000
-8.625000
-8.934000
-9.524000
-8.911000
-5.498000
-4.347000
-1.893000
1.540000
1.030000
1.410000
1.749000
2.664000
2.740000
3.670000
4.737000
4.937000
4.542000
4.602000
3.284000
2.114000
1.649000
1.768000
1.304000
0.596000
1.180000
0.773000
0.899000
0.526000
0.108000
-0.218000
-1.012000
-2.360000
-2.425000
-1.886000
1.354000
4.016000
5.879000
7.262000
7.762000
7.905000
7.465000
5.974000
4.291000
3.126000
2.422000
1.621000
0.935000
0.152000
-1.109000
-2.455000
-2.923000
-3.767000
-4.623000
-5.400000
-5.251000
-5.217000
-5.250000
-4.946000
-4.387000
-3.571000
-2.450000
-0.775000
0.326000
1.393000
2.155000
2.187000
0.582000
-0.475000
-0.636000
-0.557000
-0.435000
-0.557000
-0.671000
-1.229000
-1.422000
-3.106000
-4.147000
-4.244000
-4.315000
-4.298000
-4.279000
-4.155000
-3.967000
-3.747000
-3.280000
-2.677000
-2.113000
-0.384000
0.999000
1.045000
-0.977000
-3.264000
-3.914000
-4.112000
-4.486000
-4.736000
-5.385000
-5.856000
-6.481000
-5.444000
-6.072000
-6.199000
-4.297000
-4.448000
-5.555000
-4.157000
-0.819000
1.668000
3.823000
6.066000
7.981000
9.083000
9.726000
9.806000
7.744000
5.579000
3.419000
2.068000
1.235000
0.200000
-1.558000
-1.778000
-2.176000
-1.866000
-2.186000
-2.833000
-2.629000
-3.436000
-3.523000
-2.220000
0.684000
3.574000
6.082000
8.407000
10.627000
12.206000
12.573000
10.638000
8.466000
6.044000
2.955000
1.975000
1.736000
-0.445000
-0.891000
0.607000
2.253000
0.967000
-0.367000
-1.814000
-3.015000
-4.361000
-4.272000
-4.330000
-4.193000
-4.018000
-4.547000
-5.492000
-6.520000
-7.978000
-8.144000
-8.529000
-8.984000
-10.045000
-10.979000
-11.873000
-12.537000
-13.109000
-13.613000
-14.133000
-14.670000
-15.022000
-15.520000
-15.519000
-15.991000
-16.448000
-16.719000
-16.131000
-14.941000
-13.702000
-12.138000
-10.956000
-9.815000
-9.695000
-9.592000
-9.766000
-9.879000
-10.068000
-10.498000
-10.429000
-10.310000
-10.476000
-10.731000
-11.122000
-11.376000
-11.608000
-12.013000
-12.144000
-12.234000
-12.208000
-12.966000
-14.019000
-13.498000
-12.854000
-12.816000
-12.631000
-11.810000
-11.732000
-11.536000
-11.919000
-12.394000
-13.140000
-12.784000
-12.675000
-12.499000
-12.344000
-12.372000
-12.428000
-12.653000
-13.049000
-12.963000
-12.850000
-12.800000
-12.749000
-12.776000
-12.796000
-12.310000
-11.703000
-11.150000
-10.835000
-10.600000
-10.526000
-10.432000
-10.777000
-11.666000
-13.266000
-14.303000
-14.986000
-15.621000
-17.220000
-16.919000
-14.827000
-15.069000
-15.616000
-15.309000
-14.148000
-13.898000
-14.019000
-13.971000
-13.705000
-12.953000
-12.363000
-11.449000
-11.139000
-10.286000
-9.917000
-9.694000
-9.941000
-11.100000
-12.295000
-13.236000
-14.546000
-15.231000
-16.205000
-16.352000
-16.742000
-18.080000
-18.170000
-18.428000
-16.527000
-16.400000
-14.812000
-14.817000
-14.227000
-12.442000
-9.391000
-6.218000
-3.173000
-1.100000
0.162000
2.483000
3.551000
1.948000
0.721000
-0.357000
-1.521000
-1.217000
0.379000
-0.006000
-1.755000
-2.257000
-2.376000
-2.540000
-2.031000
-0.873000
-1.097000
-1.969000
-1.497000
-0.388000
0.078000
1.038000
1.915000
2.559000
2.730000
2.206000
1.646000
0.345000
-1.577000
-2.314000
-2.879000
-3.705000
-4.229000
-2.737000
-2.149000
-3.093000
-4.753000
-6.235000
-5.790000
-6.128000
-5.349000
-4.928000
-4.412000
-3.322000
-1.474000
-0.523000
0.776000
3.622000
3.980000
4.396000
4.031000
2.719000
1.080000
-0.098000
-0.499000
-1.005000
-0.312000
0.057000
-0.723000
0.742000
0.501000
0.235000
0.850000
1.445000
0.990000
0.335000
0.593000
3.031000
5.626000
8.466000
10.375000
12.033000
13.419000
13.991000
13.173000
10.100000
7.049000
5.203000
3.360000
4.695000
3.271000
2.076000
0.514000
0.105000
-1.648000
-3.216000
-3.432000
-2.649000
-1.434000
-1.038000
-0.636000
0.962000
3.324000
5.467000
5.640000
5.822000
6.170000
5.909000
5.314000
3.481000
0.947000
-0.331000
-1.908000
-2.590000
-3.468000
-3.947000
-3.794000
-4.112000
-4.528000
-5.005000
-5.561000
-6.915000
-7.365000
-6.876000
-5.626000
-2.192000
0.247000
2.080000
3.197000
3.906000
4.217000
4.375000
3.804000
1.812000
-0.731000
-2.373000
-6.807000
-10.018000
-11.809000
-12.687000
-13.349000
-14.284000
-14.718000
-14.707000
-14.797000
-14.854000
-14.965000
-14.916000
-14.303000
-13.481000
-11.914000
-10.497000
-9.214000
-7.760000
-6.801000
-6.335000
-6.265000
-7.316000
-9.139000
-10.173000
-10.909000
-11.688000
-12.325000
-12.415000
-13.330000
-13.945000
-14.614000
-14.674000
-14.027000
-12.816000
-13.850000
-14.286000
-12.093000
-10.038000
-8.002000
-5.952000
-4.191000
-2.503000
-1.221000
-0.502000
0.077000
-0.906000
-2.155000
-3.106000
-2.876000
-3.496000
-3.813000
-4.484000
-4.780000
-5.043000
-6.248000
-6.443000
-6.616000
-7.263000
-7.575000
-7.076000
-4.631000
-1.231000
1.822000
5.106000
7.958000
10.623000
12.234000
12.916000
12.650000
9.255000
6.478000
4.730000
4.326000
2.200000
1.806000
0.880000
-0.488000
-1.270000
-1.034000
-2.436000
-3.293000
-3.347000
-3.794000
-4.189000
-2.564000
0.271000
4.046000
8.045000
10.890000
13.575000
16.018000
17.080000
16.457000
14.958000
12.837000
12.062000
10.766000
8.818000
7.852000
8.110000
7.902000
7.583000
7.059000
5.606000
3.862000
2.705000
1.416000
1.160000
2.435000
5.727000
9.012000
11.849000
13.793000
14.396000
15.040000
14.462000
12.826000
9.106000
5.571000
3.458000
1.626000
0.901000
-0.034000
-0.487000
-1.282000
-2.509000
-3.439000
-3.537000
-2.644000
-3.439000
-3.949000
-4.257000
-3.369000
-1.130000
0.645000
1.857000
2.323000
3.252000
3.892000
4.977000
5.301000
4.988000
4.963000
5.124000
5.223000
4.650000
5.049000
5.294000
5.401000
5.572000
6.399000
6.957000
7.711000
7.871000
8.168000
9.141000
9.690000
9.858000
11.191000
11.479000
12.130000
12.413000
13.855000
14.197000
13.556000
10.877000
10.898000
10.826000
10.908000
12.157000
10.793000
9.461000
8.545000
7.047000
6.694000
6.324000
5.300000
4.179000
3.966000
3.264000
4.531000
6.999000
10.490000
12.688000
13.721000
14.287000
15.276000
15.539000
15.251000
12.245000
8.615000
7.146000
7.062000
6.962000
5.618000
4.478000
3.484000
3.134000
2.842000
2.364000
1.817000
1.173000
0.837000
0.923000
1.406000
2.418000
2.827000
2.971000
3.490000
5.452000
6.868000
7.662000
7.821000
6.358000
3.519000
3.470000
2.288000
1.017000
1.007000
0.543000
0.681000
1.006000
1.275000
0.514000
-0.647000
-1.225000
-2.534000
-2.775000
-0.838000
1.087000
2.668000
4.185000
5.541000
6.679000
7.309000
7.314000
7.585000
6.495000
4.280000
2.603000
1.604000
0.650000
-0.073000
-1.426000
-2.216000
-0.442000
0.568000
0.435000
-0.107000
-0.299000
-0.770000
-1.157000
-1.834000
-2.976000
-3.173000
-2.952000
-2.929000
-3.266000
-3.470000
-3.112000
-3.022000
-3.004000
-3.108000
-4.244000
-5.251000
-6.402000
-9.056000
-10.698000
-11.176000
-11.499000
-12.299000
-13.407000
-13.603000
-15.115000
-14.769000
-14.817000
-13.693000
-11.255000
-9.037000
-5.994000
-5.075000
-4.303000
-3.728000
-3.483000
-3.676000
-4.147000
-5.146000
-6.627000
-7.545000
-7.237000
-6.481000
-6.535000
-6.754000
-5.175000
-4.591000
-4.463000
-4.358000
-4.711000
-5.120000
-5.861000
-5.368000
-3.793000
-3.107000
-2.684000
-2.695000
-2.062000
-1.783000
-1.605000
-1.814000
-2.506000
-4.411000
-3.757000
-3.783000
-4.183000
-4.253000
-4.464000
-6.576000
-8.348000
-8.502000
-10.089000
-9.824000
-10.781000
-10.506000
-9.460000
-6.596000
-4.371000
-2.551000
-0.594000
0.735000
2.310000
3.515000
3.889000
4.078000
3.152000
1.581000
1.275000
0.882000
0.540000
0.278000
-0.185000
-0.391000
-0.513000
-0.571000
-2.488000
-1.747000
-2.206000
-2.795000
-1.754000
-0.288000
2.044000
3.508000
4.523000
5.267000
5.954000
6.238000
8.084000
8.774000
6.892000
4.355000
3.772000
2.632000
1.474000
1.613000
1.907000
1.990000
1.239000
0.310000
-1.149000
-2.089000
-2.824000
-3.350000
-3.475000
-3.143000
-2.682000
-2.878000
-2.879000
-2.517000
-1.653000
-0.187000
-0.191000
-0.601000
-1.610000
-2.974000
-3.909000
-4.717000
-5.739000
-6.626000
-7.450000
-8.308000
-9.083000
-9.801000
-10.387000
-10.752000
-11.139000
-11.383000
-11.469000
-10.186000
-8.667000
-7.030000
-5.300000
-3.752000
-1.697000
0.046000
1.515000
2.607000
2.462000
-0.394000
-2.440000
-3.135000
-3.959000
-3.994000
-4.146000
-3.866000
-4.306000
-5.093000
-5.273000
-4.575000
-4.109000
-3.754000
-3.429000
-2.518000
-0.891000
0.616000
2.634000
4.441000
6.032000
7.320000
8.674000
9.245000
6.742000
3.210000
1.054000
-0.522000
-1.500000
-2.541000
-3.612000
-5.076000
-6.514000
-7.012000
-7.197000
-7.698000
-8.866000
-9.364000
-9.374000
-8.245000
-7.181000
-6.237000
-5.019000
-3.759000
-2.819000
-2.104000
-1.309000
-0.923000
-1.377000
-3.462000
-5.289000
-5.973000
-6.635000
-7.057000
-7.964000
-8.667000
-9.278000
-9.646000
-10.090000
-10.025000
-10.611000
-10.974000
-10.749000
-8.493000
-7.322000
-6.065000
-4.352000
-2.532000
-1.228000
-0.251000
0.462000
0.285000
-0.706000
-1.863000
-3.383000
-4.388000
-4.444000
-5.044000
-5.813000
-6.326000
-7.145000
-7.367000
-8.295000
-8.839000
-9.242000
-9.956000
-9.249000
-7.301000
-5.020000
-2.699000
-0.487000
1.417000
2.378000
3.811000
4.946000
4.826000
3.909000
2.366000
2.637000
2.462000
2.189000
2.167000
2.076000
1.915000
1.925000
1.306000
0.614000
0.141000
-0.741000
-0.958000
-0.150000
1.921000
5.012000
8.087000
10.180000
11.840000
13.344000
14.427000
14.888000
14.893000
13.115000
8.643000
6.572000
4.546000
3.693000
3.844000
5.767000
5.785000
7.302000
7.813000
5.941000
5.912000
3.910000
2.867000
3.407000
4.795000
6.680000
8.728000
10.513000
12.076000
12.860000
12.945000
12.319000
11.757000
10.214000
6.911000
5.563000
4.447000
3.902000
2.346000
1.698000
2.463000
2.419000
2.033000
2.702000
2.680000
2.771000
2.914000
4.040000
4.601000
4.646000
4.251000
3.269000
4.074000
3.593000
1.815000
-1.748000
-3.976000
-5.359000
-7.611000
-8.556000
-9.513000
-9.430000
-9.650000
-9.862000
-10.315000
-11.385000
-11.161000
-11.254000
-11.941000
-11.885000
-11.930000
-11.893000
-11.469000
-10.783000
-9.604000
-8.077000
-6.984000
-5.806000
-5.642000
-5.776000
-5.886000
-6.354000
-6.560000
-7.132000
-7.814000
-8.326000
-8.479000
-8.860000
-9.997000
-10.839000
-11.423000
-11.727000
-11.920000
-12.315000
-12.930000
-13.258000
-13.177000
-13.522000
-12.978000
-11.603000
-10.682000
-9.765000
-9.284000
-9.066000
-9.332000
-10.042000
-11.739000
-12.810000
-13.899000
-13.954000
-15.450000
-16.416000
-15.822000
-15.490000
-15.554000
-16.504000
-17.149000
-16.660000
-18.179000
-18.051000
-17.188000
-15.508000
-13.891000
-12.539000
-11.618000
-10.348000
-9.689000
-9.224000
-9.584000
-9.800000
-10.474000
-11.511000
-12.556000
-12.046000
-11.596000
-11.277000
-12.193000
-13.154000
-13.157000
-12.464000
-12.565000
-13.408000
-14.318000
-13.233000
-10.006000
-7.667000
-6.098000
-4.605000
-3.489000
-2.636000
-2.186000
-2.269000
-2.575000
-2.952000
-4.244000
-5.843000
-6.665000
-7.191000
-7.618000
-8.106000
-7.512000
-5.962000
-5.963000
-5.465000
-5.170000
-4.784000
-4.611000
-4.456000
-3.896000
-3.053000
-2.006000
-0.912000
-0.179000
0.503000
1.514000
2.446000
2.222000
1.187000
0.591000
0.343000
0.036000
-0.337000
-0.537000
-1.145000
-1.673000
-2.534000
-2.264000
-3.181000
-2.975000
-2.791000
-2.745000
-1.874000
-0.142000
2.149000
3.890000
5.834000
7.986000
10.398000
11.527000
11.604000
11.372000
9.137000
5.976000
4.393000
4.062000
3.379000
4.002000
5.354000
5.818000
5.707000
5.682000
7.180000
7.815000
7.469000
7.571000
7.398000
9.022000
10.528000
12.195000
14.262000
16.661000
19.098000
21.093000
21.652000
18.421000
16.480000
13.548000
10.646000
7.238000
5.786000
6.293000
7.436000
6.353000
4.366000
2.457000
1.356000
0.848000
0.269000
-0.116000
0.312000
0.997000
3.651000
6.595000
9.026000
11.004000
12.723000
13.023000
13.321000
13.209000
12.119000
9.759000
8.321000
7.641000
7.535000
7.859000
7.443000
7.233000
6.404000
5.988000
6.029000
5.802000
5.798000
5.688000
5.417000
5.125000
4.976000
4.125000
3.361000
2.605000
1.444000
0.611000
0.340000
0.227000
-0.061000
-0.055000
-0.023000
0.159000
0.330000
0.579000
0.683000
0.794000
0.826000
0.804000
0.816000
0.359000
0.229000
-0.117000
-0.279000
-0.345000
-0.050000
0.531000
1.547000
2.695000
4.048000
4.230000
4.479000
4.726000
4.690000
4.183000
3.795000
3.139000
0.851000
-0.464000
-0.401000
-0.598000
-0.242000
0.065000
0.229000
0.472000
0.558000
0.452000
0.430000
0.755000
1.325000
2.152000
3.147000
4.226000
5.588000
6.592000
7.063000
6.996000
6.712000
5.395000
3.614000
2.893000
1.471000
-0.170000
-0.823000
-0.763000
-0.395000
-0.298000
-0.861000
-1.717000
-2.221000
-3.145000
-4.586000
-5.098000
-5.762000
-6.073000
-6.769000
-7.569000
-7.751000
-8.133000
-7.805000
-7.767000
-7.921000
-8.388000
-8.679000
-8.846000
-9.409000
-10.150000
-10.675000
-11.319000
-11.796000
-12.254000
-12.695000
-13.178000
-13.632000
-13.917000
-13.724000
-12.724000
-11.901000
-10.804000
-9.892000
-8.953000
-8.157000
-7.384000
-6.569000
-6.486000
-6.714000
-7.468000
-7.984000
-8.409000
-8.817000
-9.177000
-9.919000
-10.452000
-10.837000
-11.293000
-11.461000
-11.678000
-12.011000
-11.873000
-11.017000
-9.621000
-8.170000
-6.560000
-4.838000
-2.862000
-1.365000
-0.538000
0.151000
0.529000
0.496000
0.074000
-0.281000
-0.215000
-0.393000
-0.368000
-0.527000
-0.664000
-0.793000
-0.980000
-1.110000
-1.207000
-1.301000
-1.276000
-1.013000
-0.352000
1.255000
3.130000
4.786000
6.181000
7.250000
7.839000
9.041000
9.084000
7.754000
5.000000
2.367000
1.731000
0.515000
-0.551000
-1.655000
-2.155000
-2.291000
-2.536000
-2.501000
-2.717000
-3.581000
-4.431000
-2.901000
0.785000
4.108000
6.331000
8.141000
9.459000
10.726000
11.657000
12.400000
12.806000
12.011000
8.678000
5.701000
4.755000
3.156000
2.669000
1.806000
2.794000
2.565000
1.483000
1.307000
0.620000
0.512000
0.315000
0.438000
3.438000
6.084000
10.126000
12.493000
13.747000
14.933000
14.800000
15.332000
15.080000
14.185000
10.738000
8.138000
6.425000
6.216000
6.244000
5.761000
4.647000
3.909000
3.706000
3.488000
3.009000
2.103000
2.436000
3.492000
7.085000
11.128000
15.234000
19.340000
21.884000
23.568000
24.340000
24.804000
24.743000
23.412000
20.143000
17.271000
15.689000
16.069000
15.295000
15.206000
14.243000
13.165000
12.288000
11.050000
10.598000
10.335000
9.729000
9.699000
11.257000
13.848000
14.978000
16.361000
17.668000
17.564000
17.832000
18.149000
17.641000
16.381000
13.478000
10.877000
10.087000
8.523000
7.059000
5.809000
4.678000
4.451000
4.933000
5.555000
5.245000
4.913000
4.365000
4.580000
6.111000
9.115000
11.751000
11.974000
12.273000
12.872000
13.586000
14.398000
14.217000
13.677000
11.276000
10.106000
7.815000
6.651000
5.171000
4.204000
4.083000
2.665000
1.350000
0.335000
0.232000
-0.493000
0.000000
2.048000
5.061000
7.227000
9.118000
11.060000
12.570000
13.934000
14.576000
15.050000
15.147000
14.388000
11.350000
8.765000
7.366000
6.548000
5.857000
5.264000
4.243000
3.196000
3.673000
3.810000
3.032000
2.779000
3.614000
5.455000
8.567000
10.979000
12.022000
13.075000
13.608000
13.938000
13.426000
13.500000
13.621000
13.490000
11.226000
9.936000
9.616000
8.310000
7.267000
6.208000
5.089000
4.627000
4.479000
4.243000
3.747000
3.355000
2.289000
3.829000
8.368000
12.171000
15.427000
17.740000
19.538000
20.709000
21.442000
21.736000
21.568000
20.520000
17.229000
13.697000
12.660000
13.927000
13.428000
12.353000
11.366000
10.859000
10.493000
9.895000
9.598000
10.336000
10.472000
10.958000
12.250000
13.270000
14.815000
17.289000
19.649000
21.272000
21.965000
21.745000
19.950000
19.251000
17.925000
17.596000
18.106000
18.274000
18.199000
17.360000
17.263000
17.446000
17.259000
16.020000
15.675000
15.098000
14.926000
15.607000
16.398000
17.550000
17.848000
18.421000
19.851000
20.388000
21.119000
20.542000
15.832000
15.505000
14.545000
13.899000
11.336000
9.623000
7.416000
6.115000
4.991000
3.330000
1.750000
1.350000
0.606000
0.164000
-0.209000
0.915000
2.824000
4.110000
4.947000
5.647000
5.030000
4.361000
4.299000
3.886000
3.191000
3.057000
2.481000
1.975000
1.430000
0.955000
0.801000
0.648000
0.681000
0.555000
0.438000
-0.804000
-1.318000
-1.611000
-1.878000
-0.184000
1.980000
3.809000
5.776000
7.900000
9.695000
11.161000
12.255000
12.912000
13.048000
12.480000
10.893000
10.028000
10.262000
9.191000
7.593000
6.791000
6.334000
5.720000
4.881000
4.088000
4.111000
3.970000
3.608000
3.606000
2.418000
3.131000
3.482000
3.750000
2.566000
2.682000
3.270000
3.771000
3.324000
3.663000
3.030000
1.603000
0.799000
-0.249000
-1.026000
-1.320000
-1.931000
-2.784000
-3.473000
-4.047000
-4.671000
-4.528000
-5.436000
-4.814000
-4.428000
-4.058000
-2.707000
-0.995000
0.683000
1.335000
2.329000
2.372000
2.013000
1.623000
0.776000
-0.242000
-0.753000
-1.426000
-1.955000
-2.846000
-3.399000
-4.102000
-4.658000
-4.864000
-4.494000
-4.625000
-4.599000
-3.925000
-3.112000
-1.724000
-0.258000
1.237000
3.400000
4.986000
5.658000
6.142000
6.366000
5.900000
4.201000
2.135000
0.200000
-1.252000
-2.173000
-3.405000
-4.670000
-4.641000
-5.194000
-6.000000
-5.935000
-5.640000
-6.168000
-3.391000
0.376000
3.174000
5.700000
7.592000
9.229000
10.830000
12.754000
13.470000
13.161000
11.882000
9.661000
7.940000
7.151000
6.647000
6.102000
5.490000
5.471000
5.165000
4.792000
5.077000
5.137000
4.746000
5.318000
7.072000
9.323000
11.396000
13.614000
15.310000
17.102000
17.673000
18.624000
19.164000
19.424000
18.403000
16.947000
14.197000
10.157000
8.372000
7.185000
6.687000
6.197000
5.396000
4.420000
3.470000
2.215000
1.547000
1.234000
1.023000
1.029000
1.499000
1.366000
1.220000
1.426000
2.171000
2.941000
2.692000
2.796000
2.614000
2.336000
2.042000
1.769000
1.544000
0.988000
0.283000
-1.121000
-2.189000
-3.231000
-3.659000
-4.187000
-5.129000
-5.295000
-2.382000
1.126000
4.553000
6.876000
8.520000
9.573000
10.889000
11.271000
11.436000
11.549000
10.869000
9.336000
7.305000
5.742000
4.391000
3.041000
2.087000
1.820000
1.680000
1.453000
1.231000
0.904000
0.214000
0.344000
1.073000
2.178000
3.649000
5.461000
7.648000
9.034000
10.090000
10.683000
11.138000
11.140000
10.857000
9.172000
7.312000
5.396000
4.321000
2.260000
0.635000
-0.808000
-1.316000
-1.141000
-1.792000
-1.992000
-3.083000
-3.138000
0.469000
4.749000
7.917000
10.268000
11.964000
13.419000
14.457000
15.308000
15.469000
15.012000
13.838000
12.065000
9.171000
6.766000
6.001000
6.012000
6.251000
6.826000
6.224000
6.720000
7.081000
7.267000
7.554000
7.653000
8.738000
9.527000
10.789000
11.319000
11.783000
11.149000
9.904000
9.801000
10.225000
10.949000
9.308000
8.026000
8.260000
7.568000
6.732000
4.290000
3.853000
3.317000
1.898000
1.445000
0.975000
0.950000
1.209000
1.156000
1.011000
0.483000
0.379000
0.181000
0.160000
0.505000
0.993000
1.843000
2.157000
2.263000
1.501000
0.423000
0.015000
-0.208000
-0.544000
-0.884000
-1.241000
-1.539000
-2.532000
-3.482000
-3.945000
-4.015000
-4.359000
-4.495000
-3.899000
-2.947000
-2.028000
-0.666000
0.826000
1.937000
2.591000
2.727000
2.396000
2.067000
1.649000
0.584000
-0.287000
-0.944000
-1.783000
-2.392000
-2.793000
-3.331000
-3.689000
-4.188000
-4.914000
-5.296000
-5.997000
-5.745000
-3.310000
-0.223000
1.770000
3.502000
5.766000
7.725000
9.526000
11.194000
13.336000
13.930000
13.047000
11.305000
9.018000
6.005000
3.947000
2.691000
1.840000
1.938000
1.796000
1.435000
0.940000
0.641000
-0.410000
0.098000
2.538000
5.584000
8.452000
10.975000
12.661000
13.968000
15.267000
16.066000
16.816000
16.528000
16.063000
13.860000
11.374000
9.386000
8.713000
7.472000
6.385000
4.659000
5.073000
5.848000
5.370000
5.853000
5.754000
5.591000
5.580000
6.079000
6.187000
6.523000
7.146000
7.827000
8.131000
7.089000
6.244000
6.190000
6.202000
5.999000
5.897000
6.395000
6.949000
6.322000
5.887000
5.724000
5.378000
4.208000
3.122000
2.203000
1.516000
1.099000
2.177000
3.957000
6.282000
8.965000
10.735000
11.878000
12.323000
13.088000
13.742000
14.000000
13.248000
11.486000
9.471000
8.083000
6.709000
4.822000
3.701000
2.319000
-0.718000
-1.354000
-1.976000
-1.758000
-2.490000
-2.045000
2.797000
6.951000
10.804000
13.285000
14.294000
15.372000
15.931000
16.118000
16.272000
15.965000
15.245000
13.181000
9.452000
8.298000
8.165000
8.853000
8.111000
8.047000
8.649000
8.426000
7.444000
7.399000
7.345000
7.293000
7.740000
8.334000
9.642000
10.551000
10.925000
11.215000
11.310000
11.400000
10.959000
10.595000
9.899000
9.052000
7.535000
6.690000
5.855000
5.504000
5.401000
5.238000
5.285000
5.014000
4.740000
4.579000
4.917000
5.226000
6.035000
6.434000
7.294000
8.484000
9.399000
10.218000
11.221000
12.412000
13.030000
12.522000
12.298000
10.922000
8.761000
6.857000
4.039000
4.107000
3.484000
1.569000
1.032000
-0.370000
-1.433000
-1.688000
-1.707000
-1.161000
2.686000
8.164000
11.522000
13.094000
14.163000
15.190000
16.224000
16.725000
17.162000
17.208000
16.965000
15.040000
12.273000
10.570000
9.245000
7.561000
6.596000
6.368000
5.455000
5.479000
5.961000
5.821000
6.555000
7.245000
8.542000
11.023000
11.674000
14.492000
16.125000
17.458000
18.424000
19.223000
19.178000
19.036000
17.868000
16.212000
14.871000
14.201000
13.971000
14.148000
13.971000
13.927000
13.327000
12.502000
11.736000
11.490000
11.326000
11.392000
11.844000
11.969000
12.388000
14.258000
15.385000
16.961000
18.765000
20.331000
19.802000
19.797000
19.375000
18.150000
15.979000
14.253000
13.231000
12.610000
11.541000
9.948000
9.493000
8.660000
9.099000
9.060000
7.877000
7.967000
10.500000
12.291000
14.211000
16.057000
17.842000
18.532000
19.417000
19.879000
20.139000
20.291000
19.853000
18.228000
16.028000
15.199000
14.700000
14.547000
13.885000
13.052000
13.194000
12.934000
12.078000
11.609000
11.273000
11.328000
11.452000
11.845000
12.538000
13.837000
14.440000
15.562000
16.335000
17.124000
17.397000
17.708000
17.242000
15.338000
13.362000
12.096000
11.489000
11.880000
11.547000
10.008000
8.726000
7.865000
7.186000
6.995000
6.821000
6.472000
6.513000
6.816000
8.147000
10.080000
11.938000
13.920000
14.897000
15.532000
15.669000
15.186000
14.487000
13.708000
10.932000
9.382000
9.014000
7.966000
6.062000
4.477000
4.259000
6.323000
6.701000
7.035000
5.078000
6.346000
9.720000
11.945000
12.700000
13.481000
14.307000
14.907000
15.657000
15.999000
16.182000
15.748000
15.030000
13.408000
11.173000
8.325000
7.138000
6.163000
5.568000
4.775000
4.940000
4.482000
4.604000
3.718000
2.236000
3.508000
8.363000
10.432000
12.111000
13.707000
14.924000
16.357000
17.798000
19.188000
20.361000
20.598000
20.048000
18.268000
14.801000
13.138000
12.404000
11.662000
11.212000
10.900000
10.823000
10.300000
9.462000
8.457000
7.245000
7.661000
11.246000
14.502000
17.900000
20.704000
22.399000
23.654000
24.950000
25.927000
26.989000
27.428000
27.184000
24.712000
20.947000
19.714000
18.689000
17.401000
17.518000
16.925000
15.254000
15.452000
15.301000
14.455000
13.341000
13.165000
16.028000
19.030000
22.019000
23.884000
25.296000
26.526000
27.743000
28.619000
29.263000
29.621000
29.253000
27.734000
24.541000
22.832000
21.807000
19.883000
18.596000
17.094000
16.162000
16.337000
16.019000
15.335000
15.912000
16.838000
18.774000
21.109000
23.192000
25.243000
27.082000
28.539000
29.871000
29.979000
25.839000
23.393000
20.459000
18.774000
17.023000
14.965000
13.277000
11.520000
10.724000
10.718000
10.064000
9.000000
7.734000
6.244000
6.043000
5.865000
5.758000
5.713000
6.199000
6.537000
7.124000
7.191000
7.453000
7.795000
8.591000
9.003000
8.597000
8.254000
7.811000
7.905000
8.014000
7.990000
7.942000
8.015000
8.068000
8.112000
8.185000
8.482000
8.760000
9.114000
9.243000
10.321000
11.498000
12.525000
13.190000
14.436000
13.649000
13.222000
13.072000
12.963000
13.075000
13.008000
12.474000
12.155000
11.682000
11.286000
10.652000
9.761000
8.921000
8.325000
7.581000
6.733000
5.910000
5.654000
5.222000
5.120000
5.339000
5.463000
5.190000
7.154000
7.796000
8.698000
8.892000
8.910000
8.752000
8.423000
7.924000
6.503000
5.590000
4.550000
3.517000
2.545000
2.064000
2.130000
1.467000
0.719000
2.109000
2.047000
5.840000
8.350000
9.511000
10.504000
11.580000
12.879000
14.051000
14.336000
14.652000
14.761000
14.964000
14.316000
13.719000
13.264000
12.665000
12.489000
11.437000
11.134000
10.913000
10.955000
11.149000
11.110000
10.894000
11.336000
11.557000
11.911000
12.499000
13.140000
13.712000
14.482000
15.348000
17.357000
19.188000
18.829000
18.674000
17.608000
16.177000
15.432000
15.530000
14.730000
14.501000
15.281000
15.098000
14.980000
14.609000
14.670000
14.712000
14.795000
15.005000
14.198000
12.568000
12.947000
13.906000
14.810000
16.526000
18.683000
19.460000
19.130000
18.525000
17.313000
15.232000
13.700000
13.592000
12.031000
10.537000
9.673000
9.343000
8.826000
8.237000
7.670000
7.028000
6.566000
6.519000
6.963000
8.305000
10.806000
12.003000
12.738000
13.476000
14.136000
14.313000
14.890000
14.359000
13.897000
12.808000
12.229000
11.482000
11.221000
10.934000
10.150000
10.028000
9.523000
8.156000
7.203000
6.187000
7.247000
10.524000
14.302000
16.091000
16.968000
17.726000
18.068000
18.476000
19.631000
19.386000
19.146000
18.831000
18.632000
16.474000
15.124000
14.807000
13.443000
13.422000
13.402000
12.594000
12.573000
11.985000
12.084000
11.924000
12.339000
14.124000
16.302000
18.190000
19.765000
20.109000
20.368000
20.893000
20.996000
20.772000
20.546000
19.854000
17.093000
15.660000
14.276000
13.489000
13.153000
12.851000
12.678000
12.250000
12.290000
12.108000
11.508000
11.189000
11.379000
13.536000
15.086000
17.071000
18.084000
19.213000
19.205000
19.448000
19.399000
19.551000
19.530000
19.112000
18.637000
17.775000
16.754000
15.610000
14.135000
12.024000
11.249000
10.682000
10.565000
8.888000
7.705000
7.701000
10.750000
13.638000
16.415000
18.738000
20.525000
21.617000
22.673000
22.208000
22.690000
22.826000
22.335000
21.470000
20.210000
19.299000
18.170000
17.266000
16.393000
15.730000
15.653000
14.176000
12.594000
13.521000
14.602000
14.558000
14.885000
15.474000
15.042000
14.940000
16.797000
20.065000
21.804000
24.589000
25.734000
26.515000
26.557000
25.951000
24.607000
21.115000
19.361000
17.421000
15.868000
15.440000
14.962000
14.641000
13.457000
12.035000
11.757000
12.747000
13.545000
18.105000
20.465000
22.287000
24.095000
25.539000
26.833000
28.074000
28.309000
28.870000
28.657000
27.572000
25.083000
22.645000
20.434000
18.944000
17.866000
17.163000
17.065000
16.645000
16.386000
16.474000
15.990000
15.549000
15.292000
16.310000
18.007000
20.153000
21.801000
23.290000
24.335000
21.856000
21.533000
21.399000
20.840000
19.650000
18.147000
16.009000
14.519000
12.511000
10.079000
9.529000
9.354000
9.151000
8.783000
7.870000
7.339000
7.104000
7.383000
8.367000
9.884000
11.932000
14.412000
16.271000
17.557000
18.773000
19.826000
20.296000
20.509000
20.717000
20.086000
17.742000
15.722000
14.274000
12.438000
11.432000
9.396000
8.971000
6.613000
7.085000
8.585000
9.743000
10.103000
10.271000
11.221000
12.441000
12.587000
13.974000
14.291000
15.250000
15.799000
15.529000
14.035000
13.114000
12.740000
11.950000
11.368000
10.986000
10.576000
9.768000
9.157000
8.252000
7.163000
6.630000
5.652000
4.632000
6.367000
10.078000
13.313000
15.030000
16.310000
17.005000
17.854000
18.625000
18.777000
19.796000
19.928000
19.758000
19.106000
16.348000
14.001000
13.141000
12.415000
11.972000
11.946000
11.593000
11.013000
9.841000
10.802000
12.216000
13.823000
15.300000
17.016000
17.876000
17.791000
17.376000
16.423000
15.343000
15.054000
15.041000
14.932000
15.061000
15.357000
15.303000
15.344000
15.613000
15.889000
16.222000
16.617000
16.687000
17.054000
16.945000
16.667000
16.628000
16.958000
17.984000
18.689000
18.490000
19.046000
20.324000
20.335000
21.566000
22.068000
22.288000
21.777000
20.635000
18.936000
16.948000
14.284000
13.197000
11.626000
10.143000
8.362000
7.727000
6.993000
5.731000
5.310000
4.434000
6.554000
8.352000
9.410000
10.725000
12.293000
13.927000
15.629000
16.994000
17.793000
18.029000
18.661000
19.175000
17.933000
16.837000
15.996000
15.644000
15.426000
15.375000
15.379000
15.260000
15.493000
15.737000
15.567000
15.344000
15.450000
15.418000
15.243000
15.243000
15.922000
16.840000
17.743000
18.759000
18.727000
19.810000
22.010000
22.405000
20.908000
18.302000
16.409000
14.760000
14.003000
11.863000
10.135000
8.685000
7.390000
6.219000
5.138000
5.071000
6.575000
8.118000
9.389000
10.935000
12.359000
13.810000
15.118000
16.486000
17.419000
17.884000
18.188000
18.121000
17.399000
15.047000
12.902000
10.691000
9.890000
8.922000
7.737000
6.588000
6.133000
6.492000
6.131000
6.589000
8.300000
10.920000
14.464000
16.201000
17.824000
19.511000
20.589000
21.486000
22.096000
22.393000
22.438000
22.437000
21.250000
19.042000
17.200000
15.752000
15.009000
14.006000
13.330000
13.030000
12.580000
12.400000
12.220000
12.410000
13.810000
15.860000
18.040000
20.070000
22.430000
24.560000
26.530000
27.840000
28.900000
29.680000
29.850000
29.050000
27.520000
25.350000
22.720000
21.600000
20.650000
19.310000
18.360000
17.720000
17.430000
16.740000
15.770000
15.310000
17.290000
19.820000
22.090000
24.580000
27.270000
29.110000
30.650000
31.420000
31.540000
31.220000
30.660000
29.350000
27.610000
25.610000
23.600000
21.910000
20.620000
19.740000
19.320000
18.720000
18.010000
17.240000
16.680000
16.660000
18.490000
20.870000
22.830000
24.290000
26.210000
27.920000
28.170000
29.410000
30.060000
30.270000
29.900000
28.880000
27.350000
25.560000
23.140000
21.610000
19.830000
19.150000
18.290000
17.000000
15.050000
14.790000
14.700000
14.190000
16.240000
18.370000
20.640000
22.320000
23.140000
23.960000
24.700000
25.430000
26.160000
26.460000
26.490000
26.170000
23.790000
20.290000
18.720000
17.560000
16.550000
15.680000
14.890000
13.880000
13.650000
13.510000
12.820000
12.230000
15.010000
17.020000
19.280000
21.960000
24.460000
25.950000
26.790000
27.540000
28.060000
27.900000
28.130000
27.850000
26.760000
24.580000
21.950000
20.710000
19.920000
19.740000
19.170000
18.950000
18.140000
16.750000
16.390000
16.020000
17.810000
19.920000
22.560000
24.820000
26.780000
27.810000
28.480000
29.460000
29.410000
29.580000
28.520000
25.880000
24.090000
23.380000
22.020000
20.750000
20.020000
19.170000
18.560000
18.060000
17.720000
17.280000
16.850000
16.760000
17.800000
19.500000
20.620000
21.500000
23.390000
24.660000
25.860000
26.660000
27.380000
27.760000
27.640000
26.310000
23.000000
21.810000
21.060000
20.430000
19.830000
19.220000
18.890000
17.830000
17.520000
17.250000
16.860000
16.520000
18.610000
20.480000
22.050000
23.870000
25.200000
26.300000
26.940000
26.960000
27.200000
27.660000
26.320000
25.930000
24.490000
22.240000
20.080000
19.180000
19.270000
18.780000
18.260000
17.840000
17.740000
17.730000
17.780000
17.640000
17.860000
18.530000
17.660000
17.080000
17.880000
18.360000
17.400000
16.970000
17.380000
17.790000
16.820000
15.350000
14.770000
14.000000
13.560000
13.130000
12.970000
12.800000
12.810000
12.580000
12.050000
11.510000
11.130000
11.280000
11.610000
11.970000
12.480000
13.120000
13.910000
14.040000
13.890000
14.470000
15.120000
15.040000
15.420000
15.550000
15.590000
15.140000
14.650000
14.220000
13.900000
13.420000
13.250000
13.510000
13.480000
13.520000
13.400000
12.140000
12.400000
14.240000
16.240000
18.450000
19.990000
22.410000
24.170000
25.540000
26.380000
27.470000
28.050000
28.270000
26.520000
22.710000
19.860000
19.590000
18.460000
17.770000
18.380000
17.000000
15.570000
14.320000
13.520000
13.160000
16.351000
21.050000
23.330000
24.490000
24.610000
25.510000
26.190000
26.730000
26.470000
27.470000
27.390000
27.490000
26.630000
23.900000
21.460000
20.540000
19.620000
19.080000
18.680000
18.040000
17.030000
17.510000
16.720000
17.630000
19.890000
22.730000
25.020000
26.090000
27.480000
28.820000
29.070000
29.160000
29.240000
29.190000
28.920000
28.120000
26.970000
24.180000
21.550000
19.140000
16.590000
14.870000
13.510000
12.470000
12.110000
11.180000
11.240000
12.150000
15.340000
18.720000
21.730000
24.400000
25.590000
26.820000
27.320000
28.730000
29.060000
29.220000
30.290000
30.130000
29.280000
27.060000
24.470000
24.830000
25.850000
25.080000
22.570000
21.940000
22.130000
21.390000
19.530000
19.220000
18.950000
19.580000
20.520000
21.470000
21.890000
22.260000
21.510000
21.050000
21.570000
23.170000
23.520000
23.680000
22.630000
20.580000
18.910000
19.010000
18.870000
18.660000
18.650000
18.460000
18.510000
18.250000
17.870000
17.560000
17.410000
17.190000
17.340000
17.740000
18.760000
19.530000
20.270000
21.290000
21.360000
21.630000
21.850000
22.010000
21.660000
20.060000
19.710000
18.730000
17.920000
16.990000
15.840000
14.950000
13.840000
12.520000
11.170000
10.400000
11.910000
13.610000
15.340000
16.880000
18.200000
19.530000
20.420000
21.540000
22.220000
21.970000
21.390000
20.700000
20.390000
18.010000
15.300000
14.260000
14.460000
15.500000
14.970000
14.100000
13.580000
13.430000
13.100000
13.780000
14.410000
15.880000
17.900000
19.500000
20.940000
21.740000
22.310000
22.840000
23.410000
23.870000
24.300000
23.470000
22.890000
21.830000
20.180000
19.750000
18.240000
17.130000
15.880000
13.700000
13.530000
13.590000
12.970000
12.120000
14.530000
17.970000
20.840000
23.220000
24.470000
25.480000
25.970000
27.190000
27.870000
27.930000
27.900000
27.500000
26.300000
23.550000
21.370000
20.480000
19.550000
20.220000
19.340000
18.860000
18.020000
14.100000
12.600000
11.410000
13.220000
15.600000
19.250000
21.930000
23.960000
25.360000
26.350000
26.940000
26.620000
26.000000
25.600000
25.300000
23.830000
20.540000
17.960000
17.080000
16.970000
16.740000
16.310000
15.950000
15.600000
15.430000
14.950000
15.000000
14.860000
14.500000
14.260000
14.840000
15.960000
18.000000
19.170000
19.760000
19.750000
20.300000
20.680000
21.660000
23.480000
22.520000
20.360000
20.050000
18.970000
16.330000
14.370000
14.150000
13.870000
13.570000
13.230000
12.530000
12.170000
12.740000
14.130000
15.130000
15.790000
16.670000
16.830000
16.770000
16.970000
17.050000
17.830000
18.230000
17.800000
16.460000
14.570000
13.580000
12.540000
11.730000
11.100000
10.780000
9.770000
9.280000
9.070000
9.710000
11.880000
13.720000
14.960000
15.620000
15.480000
15.200000
15.650000
17.870000
19.010000
19.680000
19.810000
19.710000
19.350000
18.450000
17.380000
16.150000
16.351000
16.560000
16.570000
16.150000
15.020000
14.310000
14.490000
14.750000
15.400000
16.670000
17.980000
19.690000
20.160000
20.440000
20.540000
21.010000
21.400000
21.450000
21.410000
20.920000
20.300000
19.420000
18.720000
18.320000
18.050000
17.400000
16.430000
15.620000
14.970000
14.260000
13.750000
13.710000
14.690000
15.410000
17.390000
18.000000
18.790000
19.660000
20.720000
21.130000
21.310000
21.460000
20.250000
19.150000
18.250000
17.520000
16.600000
16.080000
15.560000
15.190000
15.210000
15.320000
15.450000
15.590000
15.420000
15.670000
16.500000
17.550000
18.450000
18.900000
17.600000
17.360000
17.640000
18.200000
18.840000
19.070000
20.270000
19.870000
18.280000
16.930000
15.770000
14.770000
14.010000
13.650000
13.550000
13.500000
13.540000
13.560000
13.620000
13.720000
14.170000
15.180000
15.840000
17.250000
18.030000
19.000000
20.940000
22.600000
22.730000
23.510000
23.080000
22.840000
21.900000
19.960000
17.510000
16.330000
15.430000
14.580000
13.920000
13.310000
12.930000
12.990000
13.630000
14.050000
14.950000
16.011000
17.530000
20.040000
20.900000
22.110000
22.970000
23.440000
24.080000
24.200000
24.780000
23.910000
22.950000
21.690000
19.740000
18.970000
18.720000
18.730000
18.610000
18.350000
18.920000
18.640000
18.020000
17.670000
18.020000
18.980000
20.650000
21.160000
21.870000
24.100000
25.360000
26.070000
24.990000
24.750000
24.690000
24.570000
24.150000
22.820000
22.080000
21.880000
21.270000
20.380000
19.820000
19.130000
18.540000
18.110000
17.820000
18.000000
18.600000
19.380000
20.530000
22.340000
23.520000
24.300000
24.960000
25.660000
26.450000
27.250000
27.130000
27.390000
26.980000
25.000000
22.150000
20.880000
20.550000
20.240000
20.000000
19.430000
18.660000
18.660000
18.440000
18.590000
20.720000
21.610000
23.720000
26.210000
27.870000
29.480000
31.050000
32.190000
31.960000
31.510000
31.270000
29.750000
27.930000
26.560000
25.920000
24.770000
23.520000
23.430000
23.710000
23.180000
22.200000
22.250000
21.540000
21.480000
22.700000
24.310000
25.710000
27.180000
28.920000
30.100000
30.910000
31.530000
32.330000
31.680000
32.030000
31.850000
30.310000
29.040000
28.250000
26.120000
25.060000
24.510000
23.460000
24.390000
20.480000
19.880000
19.530000
18.950000
19.250000
21.040000
22.230000
22.970000
22.330000
21.940000
22.230000
22.740000
24.990000
26.630000
27.460000
27.550000
27.190000
26.110000
24.210000
22.840000
22.020000
20.920000
21.330000
19.740000
19.350000
19.060000
18.320000
18.560000
20.540000
23.090000
25.300000
26.990000
27.650000
27.850000
27.110000
26.740000
26.640000
26.300000
26.140000
25.830000
24.690000
23.680000
22.780000
22.830000
22.590000
22.570000
22.350000
22.490000
21.330000
21.670000
21.510000
21.980000
22.570000
23.540000
24.510000
25.970000
27.150000
27.840000
28.600000
29.210000
29.770000
30.260000
30.790000
31.220000
30.440000
29.400000
27.290000
26.380000
25.130000
24.000000
23.200000
22.660000
22.120000
22.160000
21.300000
21.800000
23.070000
22.630000
25.920000
27.810000
29.540000
30.800000
31.050000
31.620000
32.190000
32.561000
32.631000
32.230000
31.360000
29.970000
29.380000
29.280000
28.760000
27.620000
27.020000
26.480000
25.870000
25.490000
25.350000
25.260000
25.700000
27.360000
29.170000
30.590000
31.730000
33.010000
33.950000
34.600000
35.140000
33.260000
28.950000
28.160000
27.550000
27.200000
24.890000
23.620000
22.890000
22.780000
23.480000
23.270000
22.990000
23.950000
24.830000
23.100000
23.530000
24.110000
24.660000
25.080000
25.500000
26.080000
24.940000
24.170000
27.560000
29.730000
30.150000
30.030000
28.670000
26.770000
24.430000
23.420000
22.710000
22.360000
21.830000
21.520000
21.390000
21.320000
21.840000
20.970000
22.990000
25.070000
26.350000
27.510000
28.940000
30.440000
31.250000
31.820000
31.930000
32.360000
32.451000
32.220000
31.500000
29.940000
28.020000
26.230000
25.370000
25.140000
23.540000
22.990000
22.250000
22.000000
22.320000
23.100000
23.170000
23.740000
24.330000
25.830000
27.210000
28.340000
29.100000
30.360000
29.920000
30.640000
30.840000
30.180000
29.780000
28.480000
27.390000
26.820000
26.270000
25.790000
25.440000
25.240000
24.800000
25.170000
25.100000
25.900000
26.500000
25.840000
24.290000
23.060000
22.700000
24.790000
25.500000
25.530000
26.210000
27.170000
27.670000
27.800000
26.950000
24.530000
22.410000
21.010000
20.090000
19.420000
18.150000
16.840000
16.250000
14.430000
13.920000
13.450000
15.410000
18.490000
21.630000
23.690000
25.480000
26.630000
27.530000
28.130000
28.660000
29.190000
29.240000
28.560000
27.510000
25.730000
23.810000
22.500000
20.480000
18.860000
18.600000
16.940000
16.261000
16.090000
15.350000
15.080000
17.420000
20.730000
23.690000
26.020000
27.420000
28.620000
29.250000
30.150000
30.590000
30.990000
31.070000
31.230000
29.850000
27.970000
25.540000
22.700000
21.650000
21.120000
18.850000
20.200000
20.680000
19.110000
18.030000
17.160000
18.150000
19.010000
20.240000
21.540000
22.650000
23.760000
24.780000
25.690000
26.150000
26.470000
26.630000
26.240000
25.440000
23.000000
19.800000
17.870000
16.790000
16.020000
15.200000
14.660000
13.920000
13.420000
12.800000
12.370000
14.210000
18.240000
20.320000
22.030000
23.550000
25.010000
26.170000
27.120000
27.950000
28.510000
28.650000
28.430000
27.550000
25.530000
24.240000
22.100000
21.190000
19.860000
18.790000
17.950000
17.980000
18.470000
18.260000
18.560000
20.900000
23.810000
26.310000
27.460000
28.750000
29.400000
29.690000
30.520000
28.490000
29.190000
30.120000
28.670000
28.710000
27.070000
25.200000
22.850000
21.850000
20.700000
20.190000
19.780000
19.060000
18.900000
18.590000
18.400000
19.330000
20.110000
20.200000
20.080000
20.960000
22.180000
21.110000
21.030000
21.470000
21.570000
21.890000
22.110000
21.350000
20.760000
20.070000
20.020000
19.970000
20.290000
20.260000
20.300000
20.350000
20.210000
20.050000
20.140000
20.500000
20.670000
20.360000
20.460000
20.930000
22.190000
21.850000
21.340000
20.690000
20.890000
20.540000
20.340000
20.000000
19.670000
19.430000
18.970000
18.750000
17.550000
16.780000
16.490000
16.430000
15.880000
15.060000
14.750000
16.320000
19.080000
21.900000
23.380000
24.640000
25.740000
26.790000
26.940000
27.600000
27.880000
28.340000
27.840000
27.140000
25.310000
22.930000
21.900000
20.100000
18.650000
17.930000
17.640000
17.040000
16.540000
15.980000
16.180000
17.370000
20.370000
23.680000
25.960000
26.920000
27.780000
28.730000
28.800000
28.530000
28.980000
28.920000
28.810000
27.670000
25.850000
24.110000
21.980000
21.260000
20.530000
19.910000
18.760000
18.840000
17.740000
17.520000
17.940000
19.460000
21.630000
23.710000
25.960000
27.450000
27.750000
28.450000
28.640000
28.820000
29.090000
29.070000
28.840000
27.780000
25.290000
22.850000
21.410000
21.240000
21.580000
20.450000
18.010000
17.590000
17.960000
17.860000
17.560000
18.350000
19.230000
20.230000
21.560000
23.200000
24.930000
26.530000
27.870000
28.490000
28.740000
28.340000
27.400000
26.150000
24.670000
23.170000
22.290000
21.820000
21.730000
21.610000
21.580000
21.380000
20.900000
20.540000
20.340000
20.940000
21.660000
22.850000
23.800000
23.850000
26.250000
24.870000
25.810000
26.920000
27.610000
27.420000
27.530000
27.400000
26.140000
24.990000
24.820000
24.650000
24.560000
24.280000
23.450000
23.030000
22.540000
22.280000
22.330000
23.830000
25.560000
26.610000
26.220000
24.520000
25.980000
27.300000
26.090000
25.830000
26.620000
27.750000
27.370000
27.070000
26.180000
24.670000
23.750000
23.560000
23.830000
23.930000
23.330000
23.620000
23.660000
22.500000
21.550000
20.940000
20.850000
21.560000
21.630000
22.630000
22.370000
22.710000
25.230000
26.660000
25.650000
26.420000
26.150000
25.680000
23.270000
20.890000
20.300000
19.620000
18.940000
19.050000
19.050000
19.200000
19.540000
19.630000
19.840000
20.210000
21.010000
22.580000
23.960000
25.190000
21.630000
23.160000
25.140000
26.280000
26.890000
27.150000
27.130000
26.700000
25.240000
24.130000
22.200000
21.010000
20.470000
19.870000
19.550000
19.000000
18.680000
18.250000
18.130000
18.940000
20.670000
23.010000
24.510000
24.870000
25.160000
25.710000
26.360000
26.870000
26.630000
26.120000
25.650000
25.140000
23.320000
21.490000
21.590000
21.060000
20.630000
20.720000
20.890000
20.840000
20.730000
20.620000
20.290000
20.490000
21.040000
21.790000
24.210000
25.850000
27.150000
28.470000
29.410000
30.180000
30.140000
30.290000
30.180000
30.250000
28.790000
27.130000
24.840000
23.550000
22.150000
19.990000
18.520000
18.000000
18.020000
17.230000
16.880000
17.420000
19.190000
21.040000
22.660000
23.860000
24.530000
25.280000
26.760000
27.520000
27.980000
28.280000
27.220000
25.920000
24.300000
22.840000
21.750000
21.160000
20.940000
20.150000
18.060000
17.700000
16.880000
16.281000
16.400000
17.130000
18.440000
18.790000
16.940000
17.910000
20.720000
22.110000
22.570000
23.420000
24.510000
24.530000
24.150000
22.980000
20.090000
17.040000
15.780000
14.560000
13.780000
12.950000
11.990000
11.630000
11.020000
10.370000
10.270000
12.250000
15.660000
18.220000
19.970000
20.690000
21.380000
21.990000
22.530000
23.070000
23.420000
23.600000
23.350000
22.190000
19.460000
17.560000
15.750000
14.130000
13.290000
12.200000
11.670000
11.260000
10.630000
10.390000
10.270000
12.390000
15.660000
18.070000
20.290000
21.820000
22.420000
23.030000
23.780000
24.190000
24.570000
24.870000
24.320000
22.970000
21.250000
19.470000
18.150000
16.200000
14.820000
13.510000
12.990000
12.480000
11.820000
11.240000
11.120000
13.310000
16.930000
20.090000
22.160000
23.150000
24.540000
25.300000
26.320000
26.530000
26.870000
26.900000
26.340000
24.440000
22.220000
20.250000
19.940000
20.210000
19.820000
19.420000
18.600000
18.860000
18.020000
17.500000
17.400000
17.570000
17.720000
18.010000
18.990000
20.430000
20.260000
19.860000
19.910000
19.400000
19.790000
19.890000
19.650000
18.920000
18.630000
17.970000
17.760000
17.640000
17.780000
17.650000
17.310000
17.250000
17.070000
16.880000
16.740000
16.690000
16.870000
17.100000
18.240000
20.340000
21.610000
22.770000
23.930000
24.920000
25.700000
26.120000
25.510000
24.810000
23.100000
20.480000
18.850000
17.570000
16.900000
15.760000
14.830000
13.870000
13.310000
12.910000
13.030000
15.010000
19.030000
22.690000
25.480000
26.350000
27.830000
28.730000
28.060000
27.530000
25.570000
23.990000
22.460000
21.910000
20.660000
19.710000
19.070000
17.530000
16.950000
16.320000
15.870000
15.930000
15.420000
14.840000
14.420000
16.600000
19.940000
23.100000
25.080000
26.220000
26.780000
27.440000
28.150000
28.250000
28.060000
27.830000
26.560000
24.950000
23.690000
22.200000
21.140000
20.450000
19.990000
19.850000
19.320000
18.340000
18.010000
17.960000
17.840000
19.380000
21.760000
23.910000
25.980000
27.910000
29.870000
30.750000
31.690000
31.930000
31.990000
32.510000
32.570000
30.460000
28.030000
24.950000
23.110000
21.750000
21.290000
20.880000
20.390000
19.360000
19.170000
18.480000
18.090000
19.180000
22.070000
23.420000
24.990000
26.140000
26.730000
27.130000
27.540000
28.110000
28.110000
28.080000
27.780000
26.290000
23.560000
21.960000
20.520000
18.620000
17.500000
16.730000
15.770000
15.370000
14.870000
14.650000
14.290000
16.351000
19.650000
22.980000
24.940000
25.730000
26.440000
26.920000
27.430000
27.900000
28.320000
28.360000
28.350000
27.100000
24.580000
22.780000
20.710000
19.860000
18.920000
17.460000
17.290000
16.600000
16.620000
15.850000
16.290000
17.390000
19.800000
21.200000
23.250000
24.440000
24.510000
24.190000
24.300000
25.640000
24.910000
24.840000
24.980000
24.890000
24.120000
23.250000
22.290000
21.200000
20.660000
19.940000
19.350000
19.600000
18.930000
18.980000
18.460000
18.470000
19.590000
20.960000
21.520000
20.280000
20.330000
20.650000
20.810000
21.370000
22.520000
23.930000
23.850000
22.750000
20.230000
18.720000
17.700000
15.810000
14.570000
13.820000
13.580000
12.960000
12.670000
12.320000
12.020000
14.110000
17.220000
20.280000
21.920000
23.130000
23.590000
24.080000
25.130000
24.580000
24.060000
23.690000
22.750000
21.920000
20.950000
19.990000
19.270000
18.970000
18.830000
17.840000
17.060000
16.171000
15.880000
15.400000
14.770000
14.950000
16.000000
17.610000
19.310000
20.830000
21.980000
22.560000
23.250000
23.730000
23.340000
23.570000
22.730000
22.410000
20.140000
18.380000
16.670000
15.200000
13.960000
13.290000
12.490000
11.970000
11.120000
10.580000
10.130000
11.600000
15.050000
18.850000
22.250000
24.120000
25.840000
27.020000
27.830000
28.140000
28.300000
27.430000
27.310000
25.980000
24.410000
22.290000
18.010000
17.630000
17.760000
17.670000
17.880000
17.620000
16.520000
15.000000
14.090000
14.900000
16.870000
18.450000
19.890000
20.930000
21.650000
22.280000
22.820000
22.950000
23.630000
23.830000
23.810000
23.210000
21.400000
19.050000
17.190000
15.500000
14.540000
14.220000
13.630000
13.560000
13.150000
12.630000
11.680000
14.650000
17.550000
20.550000
23.770000
26.050000
27.770000
28.990000
30.070000
31.080000
31.500000
31.530000
31.220000
29.700000
27.800000
26.600000
25.650000
25.280000
24.340000
23.490000
22.970000
22.330000
19.690000
18.450000
18.170000
18.490000
21.150000
22.940000
24.240000
26.520000
28.280000
29.550000
30.260000
30.890000
31.280000
30.920000
30.310000
28.770000
25.880000
24.230000
23.180000
22.940000
22.620000
21.640000
22.270000
21.390000
21.350000
21.240000
21.400000
21.470000
22.160000
23.620000
24.380000
25.950000
27.440000
27.310000
27.090000
27.160000
27.310000
27.080000
26.250000
24.870000
22.570000
20.860000
19.760000
18.760000
17.760000
17.350000
17.030000
16.330000
16.101000
15.710000
15.820000
16.040000
16.880000
17.900000
19.620000
21.320000
22.810000
24.120000
25.450000
26.480000
26.790000
26.920000
26.850000
25.550000
22.370000
20.180000
19.280000
18.420000
17.660000
17.710000
16.820000
16.101000
15.260000
15.390000
14.970000
15.740000
18.360000
20.280000
22.370000
23.520000
23.940000
24.330000
25.190000
26.020000
26.150000
26.140000
25.170000
24.510000
23.180000
22.490000
22.900000
22.370000
22.320000
22.100000
21.960000
22.050000
21.700000
21.360000
21.400000
21.740000
22.360000
23.460000
25.850000
28.390000
30.280000
31.630000
32.591000
33.260000
32.170000
32.460000
32.010000
30.820000
29.860000
29.070000
28.510000
28.470000
28.730000
28.330000
28.370000
27.920000
27.510000
27.240000
26.970000
27.030000
27.750000
28.840000
29.560000
30.480000
31.590000
32.600000
33.410000
34.080000
34.270000
32.840000
32.830000
30.710000
27.900000
26.080000
25.080000
24.120000
23.170000
22.440000
21.890000
21.450000
21.020000
20.840000
20.520000
21.470000
22.080000
20.760000
20.670000
23.040000
24.950000
25.510000
24.490000
23.050000
23.330000
23.310000
23.310000
22.240000
22.460000
21.780000
20.680000
20.000000
19.480000
18.830000
18.110000
17.390000
17.000000
16.360000
15.870000
16.790000
19.510000
22.790000
25.910000
26.760000
26.410000
26.310000
27.000000
27.450000
27.680000
27.710000
27.370000
25.920000
24.050000
22.330000
21.040000
19.330000
18.160000
17.600000
16.910000
16.500000
15.570000
15.470000
14.790000
15.820000
18.710000
21.640000
24.070000
25.550000
26.780000
27.710000
28.550000
29.280000
29.610000
29.550000
29.110000
27.890000
25.990000
23.750000
22.170000
21.710000
20.850000
20.330000
19.940000
19.280000
18.690000
18.210000
17.810000
18.280000
21.070000
24.290000
27.410000
28.860000
29.900000
30.590000
31.020000
31.700000
32.120000
31.860000
30.840000
28.640000
25.160000
23.580000
22.380000
22.050000
20.960000
20.470000
19.930000
19.710000
19.890000
19.760000
18.410000
18.930000
21.890000
23.920000
26.690000
28.420000
29.330000
30.090000
30.660000
31.050000
31.220000
31.040000
30.180000
28.150000
25.160000
22.850000
21.480000
20.580000
20.090000
19.770000
19.270000
18.760000
18.260000
18.030000
17.660000
18.600000
21.520000
24.140000
26.390000
27.810000
28.690000
29.490000
29.960000
30.100000
30.260000
29.540000
28.650000
27.050000
24.970000
23.640000
22.670000
22.440000
22.290000
22.340000
22.840000
21.650000
20.060000
19.660000
19.750000
20.030000
20.130000
21.150000
21.110000
21.900000
23.830000
26.190000
26.660000
26.530000
24.920000
24.910000
25.930000
25.720000
24.840000
24.360000
23.620000
23.160000
22.730000
22.740000
21.230000
18.600000
18.440000
18.160000
17.940000
18.420000
18.790000
20.080000
20.700000
21.950000
22.800000
23.650000
24.240000
25.140000
25.380000
25.580000
25.000000
23.180000
20.780000
19.720000
18.550000
17.760000
16.940000
16.780000
15.860000
14.690000
14.630000
14.120000
13.600000
14.100000
15.180000
16.220000
18.050000
21.120000
23.110000
24.260000
25.270000
26.050000
26.260000
26.440000
26.160000
25.390000
23.060000
21.100000
20.060000
17.840000
17.780000
17.590000
16.670000
15.610000
14.710000
14.420000
14.620000
15.100000
17.140000
19.880000
21.700000
23.180000
24.150000
25.130000
26.240000
26.730000
27.200000
26.840000
25.850000
23.820000
21.480000
20.340000
20.050000
20.290000
20.870000
20.440000
19.920000
19.550000
19.660000
19.380000
19.160000
19.300000
19.400000
18.100000
17.990000
21.810000
24.310000
25.840000
24.630000
25.210000
26.010000
26.520000
26.720000
25.590000
21.940000
18.530000
17.910000
16.990000
16.760000
16.180000
15.080000
14.410000
13.990000
13.630000
13.370000
14.340000
16.580000
18.700000
20.410000
21.590000
21.340000
22.030000
22.020000
22.420000
22.690000
21.820000
21.830000
20.330000
19.220000
17.810000
17.150000
16.380000
15.720000
15.440000
15.230000
14.770000
14.220000
14.670000
14.510000
14.740000
16.540000
17.960000
18.530000
18.820000
19.460000
20.580000
21.070000
20.840000
21.750000
21.540000
21.150000
19.710000
16.470000
15.050000
14.040000
13.360000
12.390000
11.920000
11.470000
10.970000
10.680000
10.080000
9.740000
10.800000
13.720000
17.150000
19.710000
21.430000
22.030000
22.970000
23.740000
24.160000
24.280000
24.150000
23.450000
21.680000
18.870000
17.080000
16.550000
15.730000
14.920000
13.940000
13.470000
13.080000
12.820000
12.690000
12.440000
12.930000
16.031000
18.880000
21.260000
23.090000
24.320000
25.160000
25.790000
26.250000
26.320000
25.980000
25.150000
23.060000
20.030000
19.110000
18.530000
17.480000
17.010000
16.600000
16.210000
16.270000
16.150000
16.300000
16.410000
17.500000
18.830000
20.920000
23.210000
25.560000
27.610000
28.740000
29.630000
30.190000
30.220000
29.890000
29.010000
27.330000
25.610000
24.550000
24.110000
23.550000
23.270000
22.780000
22.500000
22.240000
21.810000
21.060000
20.690000
20.520000
21.490000
23.940000
24.760000
26.570000
27.480000
27.440000
27.590000
26.570000
26.950000
26.430000
25.120000
23.910000
22.700000
21.950000
21.440000
21.400000
21.290000
21.390000
21.540000
21.860000
21.810000
21.310000
21.060000
20.780000
20.720000
20.520000
20.880000
20.900000
21.170000
21.570000
22.060000
22.820000
19.870000
19.950000
19.930000
19.820000
18.920000
18.490000
18.670000
18.860000
18.590000
18.370000
18.240000
17.800000
17.570000
17.610000
17.600000
17.580000
17.640000
17.590000
17.630000
18.900000
21.190000
23.090000
23.890000
24.530000
24.700000
23.890000
22.640000
21.260000
19.430000
17.280000
16.490000
16.290000
15.270000
13.630000
13.170000
12.800000
12.880000
12.490000
11.910000
12.460000
14.760000
17.330000
19.430000
20.940000
21.910000
23.000000
23.420000
23.680000
23.810000
23.880000
23.570000
21.800000
19.760000
18.460000
17.100000
17.350000
17.830000
17.150000
16.371000
15.470000
15.290000
14.410000
13.010000
13.170000
14.850000
16.290000
16.840000
17.970000
18.720000
19.540000
20.290000
20.940000
20.960000
20.710000
20.090000
18.310000
16.070000
14.250000
13.130000
11.800000
11.230000
10.520000
10.100000
9.760000
9.670000
10.590000
10.930000
11.520000
13.460000
15.290000
17.540000
18.730000
19.460000
19.960000
20.240000
20.390000
20.590000
19.960000
19.020000
16.970000
13.850000
12.460000
11.630000
11.560000
10.960000
10.030000
9.300000
7.960000
7.450000
6.870000
6.040000
7.460000
10.440000
13.270000
15.710000
17.440000
18.620000
19.370000
20.070000
19.840000
19.800000
19.640000
18.640000
16.430000
13.610000
12.000000
11.520000
11.380000
11.110000
10.900000
9.650000
9.540000
9.330000
9.600000
9.300000
9.250000
12.080000
15.130000
17.440000
18.890000
20.130000
20.840000
21.620000
21.510000
21.410000
20.990000
20.390000
19.400000
18.300000
18.040000
17.960000
17.710000
17.340000
16.351000
15.640000
14.940000
15.380000
15.440000
14.610000
14.420000
15.700000
16.550000
17.220000
18.420000
20.340000
21.180000
22.690000
23.050000
22.270000
22.170000
21.460000
20.180000
19.590000
19.090000
18.780000
18.470000
17.900000
17.510000
17.290000
17.040000
16.890000
16.880000
16.700000
16.090000
15.820000
15.610000
15.530000
15.540000
15.830000
16.840000
18.190000
18.460000
17.670000
17.260000
17.350000
17.170000
16.800000
16.620000
16.740000
16.240000
15.740000
15.750000
15.790000
16.240000
16.310000
15.860000
15.020000
15.190000
16.410000
18.230000
20.440000
21.820000
22.600000
23.310000
23.750000
24.220000
24.330000
24.100000
23.040000
21.300000
19.490000
18.000000
17.270000
16.630000
16.180000
15.720000
14.540000
13.880000
13.790000
13.020000
11.670000
12.090000
15.140000
18.570000
20.820000
22.840000
24.150000
24.560000
25.390000
25.670000
25.440000
24.770000
23.720000
21.530000
19.070000
18.140000
17.800000
17.040000
16.250000
15.350000
15.670000
15.000000
14.660000
14.000000
13.670000
13.540000
15.500000
18.210000
20.670000
22.530000
23.860000
24.570000
25.260000
25.360000
25.380000
25.080000
23.790000
21.050000
18.780000
17.450000
16.510000
15.790000
15.430000
15.340000
15.080000
14.770000
14.150000
14.360000
14.340000
14.500000
16.560000
18.820000
21.030000
22.320000
22.720000
23.590000
24.180000
24.320000
24.190000
23.950000
23.150000
21.510000
19.940000
19.590000
18.820000
18.450000
18.080000
18.160000
18.390000
17.840000
17.250000
17.080000
16.890000
17.000000
18.630000
21.060000
22.580000
24.410000
25.640000
26.700000
27.090000
27.170000
27.350000
26.840000
25.600000
23.400000
21.680000
20.450000
19.690000
18.790000
18.190000
18.100000
16.300000
16.261000
16.351000
16.261000
16.810000
17.340000
18.990000
19.610000
20.320000
21.260000
23.850000
25.140000
25.710000
25.640000
26.100000
25.750000
24.750000
22.720000
21.550000
20.080000
19.220000
18.210000
17.530000
17.210000
16.710000
16.340000
15.120000
15.220000
14.770000
13.910000
16.960000
19.290000
21.920000
23.830000
25.160000
25.330000
25.820000
26.390000
26.570000
26.240000
25.040000
22.490000
20.860000
19.930000
18.140000
17.240000
16.630000
15.600000
15.580000
15.710000
14.850000
13.660000
14.110000
13.960000
15.580000
18.030000
20.570000
23.430000
25.240000
26.060000
26.670000
26.960000
25.160000
22.030000
20.040000
19.510000
18.800000
18.600000
18.570000
18.400000
18.150000
17.960000
17.760000
17.420000
17.170000
16.850000
16.520000
16.590000
17.370000
18.060000
19.170000
20.280000
21.460000
23.090000
23.720000
24.280000
25.080000
25.010000
23.870000
21.880000
19.620000
18.900000
18.970000
18.300000
17.840000
18.290000
17.920000
17.630000
17.360000
16.171000
15.740000
15.560000
17.430000
19.830000
21.980000
23.130000
24.340000
24.720000
25.440000
25.880000
25.730000
25.270000
23.710000
21.350000
20.010000
18.510000
17.420000
16.440000
16.510000
15.640000
15.250000
15.170000
15.170000
15.000000
14.400000
14.650000
15.800000
18.200000
20.570000
22.390000
24.090000
24.510000
25.030000
24.530000
24.670000
23.960000
22.920000
20.980000
19.910000
18.770000
18.040000
17.700000
17.190000
16.990000
16.700000
16.500000
16.760000
16.440000
16.371000
16.560000
17.160000
18.450000
19.660000
20.260000
21.440000
23.280000
24.080000
23.360000
22.500000
22.220000
21.480000
20.130000
18.830000
17.660000
16.220000
14.540000
13.670000
12.810000
12.260000
11.930000
11.610000
11.550000
11.550000
11.510000
14.000000
18.280000
21.660000
23.830000
25.280000
26.130000
26.530000
26.480000
26.650000
26.280000
25.240000
23.270000
21.600000
20.000000
19.260000
17.510000
16.660000
16.031000
15.250000
14.650000
13.790000
13.240000
12.490000
12.140000
14.280000
18.110000
20.290000
22.790000
25.030000
25.970000
26.780000
26.260000
26.770000
26.340000
24.980000
23.430000
22.210000
19.860000
18.200000
16.560000
15.780000
15.290000
14.710000
14.370000
13.710000
13.090000
12.250000
11.790000
14.140000
17.800000
21.020000
23.720000
25.280000
25.670000
25.930000
26.310000
25.770000
25.030000
22.970000
21.350000
19.720000
18.170000
16.870000
15.860000
15.820000
14.780000
13.490000
13.200000
11.690000
11.330000
10.860000
9.990000
10.890000
14.520000
19.030000
21.090000
22.080000
23.110000
23.590000
24.090000
24.030000
23.750000
22.530000
19.870000
17.810000
16.450000
15.700000
14.690000
13.870000
13.210000
12.230000
11.670000
12.090000
12.010000
11.540000
12.440000
14.080000
16.860000
20.770000
23.770000
25.020000
26.130000
26.680000
26.670000
26.660000
26.440000
25.250000
22.570000
20.270000
20.000000
19.430000
19.030000
18.940000
19.470000
19.180000
18.950000
18.440000
18.840000
18.770000
18.550000
17.790000
17.240000
17.860000
17.960000
16.160000
15.300000
15.630000
16.290000
17.800000
17.760000
17.510000
15.330000
13.370000
11.570000
10.480000
9.750000
9.120000
8.470000
8.110000
8.170000
7.890000
7.500000
7.430000
7.510000
9.950000
13.680000
15.700000
16.560000
17.120000
16.660000
15.970000
16.230000
16.250000
15.770000
15.800000
13.590000
12.300000
11.970000
11.500000
10.490000
9.440000
9.420000
9.360000
9.190000
9.370000
9.840000
9.890000
10.090000
10.560000
11.490000
12.960000
15.670000
18.340000
19.890000
21.370000
21.540000
21.970000
21.810000
20.780000
18.730000
16.250000
14.320000
13.390000
12.410000
10.980000
10.400000
9.310000
8.530000
8.770000
7.920000
8.140000
7.370000
9.330000
13.510000
17.180000
17.940000
19.400000
20.560000
21.380000
21.310000
20.630000
20.050000
19.090000
17.160000
16.020000
16.121000
14.940000
15.070000
15.010000
14.320000
12.880000
12.590000
12.260000
12.060000
11.500000
10.980000
12.130000
14.460000
17.370000
19.680000
21.280000
21.000000
20.710000
20.720000
20.140000
20.260000
18.460000
15.560000
14.590000
14.010000
13.910000
13.630000
13.220000
12.610000
12.530000
12.730000
13.150000
13.070000
12.920000
12.820000
12.950000
15.370000
16.480000
18.640000
19.420000
20.650000
22.380000
22.930000
23.150000
22.900000
21.540000
18.090000
15.730000
14.030000
13.240000
12.830000
12.400000
12.100000
12.060000
11.400000
10.570000
10.470000
9.750000
9.290000
12.150000
16.680000
20.280000
23.590000
24.820000
26.870000
26.180000
25.120000
24.750000
23.730000
21.650000
19.070000
17.300000
15.360000
13.550000
10.470000
9.540000
11.160000
11.410000
10.290000
9.430000
10.060000
9.660000
8.210000
10.060000
13.310000
14.850000
16.110000
17.290000
18.420000
19.250000
19.200000
19.340000
18.830000
17.380000
13.780000
10.600000
8.610000
7.670000
6.660000
5.880000
4.940000
4.450000
3.760000
3.090000
2.930000
2.380000
2.570000
5.050000
10.130000
13.370000
15.420000
17.200000
18.640000
19.470000
20.300000
21.000000
20.260000
17.830000
14.170000
12.070000
10.210000
9.920000
9.350000
8.460000
7.720000
7.380000
6.990000
6.870000
5.530000
5.670000
5.850000
9.130000
13.460000
16.650000
18.950000
20.180000
20.650000
20.950000
20.610000
21.610000
21.270000
20.530000
19.990000
19.580000
19.140000
18.470000
18.180000
17.350000
17.060000
16.970000
17.430000
16.930000
16.570000
16.860000
16.850000
16.780000
16.500000
15.340000
13.100000
12.710000
13.270000
13.460000
14.350000
13.850000
12.860000
12.210000
10.540000
10.150000
9.990000
10.110000
9.380000
9.070000
9.660000
10.240000
10.260000
10.200000
10.060000
9.140000
8.570000
9.100000
9.370000
10.440000
11.580000
11.750000
10.810000
9.320000
8.080000
8.150000
8.570000
8.370000
8.030000
7.730000
8.030000
8.340000
7.470000
7.260000
7.560000
7.640000
7.600000
7.620000
7.600000
7.860000
7.970000
8.390000
8.990000
9.600000
10.050000
11.630000
13.030000
12.580000
13.260000
12.880000
12.560000
11.690000
8.780000
7.850000
6.730000
5.740000
4.010000
2.310000
1.250000
1.980000
0.960000
-0.360000
-0.160000
-0.020000
-0.240000
1.300000
4.050000
8.940000
12.550000
13.410000
15.380000
15.400000
15.840000
14.760000
13.760000
12.710000
11.620000
11.240000
10.790000
10.250000
10.220000
10.060000
9.680000
9.500000
8.540000
7.900000
8.110000
8.350000
8.370000
8.570000
9.160000
10.260000
11.930000
13.820000
15.170000
16.180000
17.270000
16.930000
16.470000
15.180000
13.370000
12.860000
12.680000
12.580000
12.670000
12.570000
12.610000
11.800000
10.840000
10.820000
10.780000
10.500000
9.950000
9.450000
8.990000
9.010000
8.690000
9.570000
10.210000
10.860000
10.960000
10.510000
10.310000
9.610000
8.040000
6.970000
5.680000
5.290000
3.960000
2.550000
1.350000
1.820000
1.750000
1.700000
1.120000
1.010000
0.760000
2.540000
7.360000
12.330000
16.101000
18.680000
20.930000
22.350000
22.050000
21.760000
21.360000
19.590000
15.870000
13.930000
12.620000
12.240000
11.010000
10.360000
11.030000
11.370000
11.040000
10.460000
9.810000
8.780000
7.810000
7.480000
7.370000
7.560000
7.990000
8.300000
8.720000
8.740000
9.020000
9.430000
8.940000
8.410000
7.870000
7.440000
6.900000
6.630000
6.380000
6.140000
5.890000
5.550000
5.070000
4.180000
2.440000
0.710000
-0.230000
-0.220000
3.430000
6.840000
8.640000
9.720000
10.950000
11.830000
12.640000
12.670000
12.340000
10.710000
8.770000
7.270000
5.500000
3.760000
3.460000
2.240000
0.560000
-1.050000
-2.610000
-2.900000
-3.220000
-3.190000
-3.200000
-3.090000
-2.680000
-1.920000
-0.860000
0.140000
1.780000
2.940000
3.890000
4.190000
4.310000
2.750000
0.680000
-0.570000
-1.390000
-1.480000
-1.030000
-0.810000
-0.600000
-0.450000
-0.420000
-0.170000
-0.140000
-0.030000
-0.020000
0.310000
0.970000
1.750000
2.380000
2.840000
3.440000
3.750000
3.920000
3.790000
3.730000
3.350000
3.050000
2.850000
2.680000
1.950000
1.550000
1.410000
1.250000
1.250000
1.250000
0.780000
0.450000
0.450000
0.520000
0.790000
1.550000
2.470000
3.430000
3.710000
4.200000
5.080000
6.660000
6.170000
5.620000
5.050000
4.540000
4.080000
3.770000
3.490000
3.410000
3.240000
2.690000
2.390000
2.440000
2.270000
2.030000
1.720000
0.590000
0.780000
2.030000
3.660000
4.750000
5.030000
5.360000
5.610000
5.740000
6.110000
4.970000
3.840000
3.580000
3.460000
3.350000
3.140000
3.100000
3.040000
2.980000
2.970000
2.900000
2.710000
2.670000
2.710000
2.640000
2.740000
3.180000
3.780000
4.180000
4.690000
5.130000
5.530000
5.700000
5.650000
5.360000
5.240000
5.290000
5.360000
5.450000
5.540000
5.590000
5.570000
5.390000
5.360000
5.330000
5.310000
5.300000
5.310000
5.250000
5.470000
6.070000
7.030000
7.370000
7.550000
7.940000
8.290000
8.660000
9.240000
8.910000
8.180000
7.670000
6.960000
5.370000
4.190000
3.220000
4.630000
5.070000
3.760000
3.270000
2.610000
3.580000
4.370000
4.370000
4.640000
5.400000
6.320000
6.980000
7.620000
7.960000
8.810000
9.440000
9.230000
8.650000
7.790000
6.960000
6.120000
5.920000
5.690000
5.590000
5.480000
5.070000
4.810000
4.840000
4.270000
4.200000
4.210000
4.180000
4.310000
5.040000
5.670000
6.200000
6.840000
7.840000
8.970000
9.660000
9.940000
9.230000
7.020000
4.420000
3.160000
2.080000
1.510000
2.280000
1.360000
1.330000
1.030000
0.580000
0.150000
0.770000
2.310000
2.510000
3.850000
6.720000
9.390000
12.440000
14.780000
16.230000
17.650000
18.530000
19.100000
19.330000
17.820000
15.750000
14.680000
14.300000
13.880000
13.020000
11.240000
8.740000
9.280000
8.970000
8.090000
7.510000
6.380000
5.640000
6.460000
10.460000
13.640000
16.380000
17.950000
19.170000
20.310000
20.380000
20.990000
19.790000
17.550000
15.800000
15.190000
13.960000
13.320000
12.600000
13.230000
13.300000
13.300000
13.650000
14.320000
13.860000
13.010000
11.650000
12.620000
13.660000
14.140000
14.310000
14.450000
14.570000
14.870000
15.820000
16.330000
16.371000
15.920000
15.650000
15.620000
15.710000
15.660000
15.380000
15.800000
15.250000
15.370000
15.820000
16.290000
16.450000
15.980000
15.500000
13.960000
10.580000
10.390000
10.570000
10.550000
10.400000
9.890000
8.790000
8.340000
7.670000
7.230000
7.000000
6.950000
6.810000
6.660000
6.560000
6.380000
5.920000
5.610000
5.290000
5.010000
5.060000
4.780000
4.540000
4.210000
4.120000
4.140000
4.290000
4.250000
4.120000
4.200000
4.310000
4.480000
4.510000
4.350000
4.350000
4.350000
4.310000
4.090000
3.780000
3.280000
2.260000
1.920000
1.890000
2.160000
2.230000
2.180000
2.260000
2.240000
2.930000
3.410000
4.220000
5.360000
5.560000
5.770000
6.990000
8.340000
9.000000
6.920000
4.880000
3.990000
3.230000
2.720000
2.080000
1.770000
1.590000
1.560000
0.950000
0.500000
0.790000
0.610000
-0.630000
-0.710000
2.090000
3.870000
7.290000
10.790000
12.960000
12.860000
11.290000
10.710000
11.050000
10.580000
9.150000
8.570000
8.240000
7.340000
5.980000
4.820000
5.630000
4.470000
4.480000
5.590000
7.110000
7.400000
6.630000
7.440000
9.960000
10.260000
11.480000
12.420000
12.400000
11.580000
9.960000
9.900000
8.910000
8.450000
7.760000
6.770000
6.410000
5.400000
4.160000
3.280000
2.300000
1.270000
0.410000
0.350000
-0.330000
-0.700000
-1.280000
0.260000
3.730000
7.550000
10.340000
11.900000
13.150000
13.140000
14.180000
14.090000
12.980000
11.090000
7.660000
6.460000
4.530000
3.520000
2.770000
1.970000
1.410000
0.750000
0.950000
0.460000
0.390000
0.680000
-0.270000
0.470000
4.070000
8.260000
10.790000
12.540000
13.630000
14.630000
14.840000
14.590000
13.130000
10.280000
7.330000
7.530000
7.370000
7.390000
6.730000
5.480000
6.060000
7.160000
7.990000
8.350000
8.150000
8.530000
8.850000
9.310000
9.980000
10.990000
12.210000
14.060000
15.330000
15.100000
15.040000
15.720000
15.930000
15.350000
14.930000
14.330000
14.660000
14.570000
14.510000
13.980000
13.910000
13.460000
11.680000
10.840000
10.730000
10.850000
10.830000
10.860000
11.020000
11.280000
11.950000
12.350000
12.710000
13.250000
13.360000
13.440000
13.450000
13.400000
13.340000
13.200000
13.110000
11.990000
9.670000
9.430000
9.770000
9.860000
8.830000
8.100000
7.530000
6.430000
5.310000
4.940000
4.920000
5.370000
6.140000
6.340000
5.180000
4.720000
4.130000
4.580000
5.290000
5.080000
4.370000
4.440000
3.930000
3.150000
3.060000
5.150000
5.470000
4.560000
3.110000
1.040000
0.360000
0.000000
-0.370000
0.550000
3.850000
6.750000
8.000000
9.690000
11.650000
12.890000
14.450000
15.350000
14.800000
11.620000
9.030000
7.700000
7.300000
8.250000
8.900000
9.110000
9.110000
8.680000
6.860000
6.340000
5.930000
5.780000
4.970000
5.110000
8.430000
11.670000
14.520000
16.820000
19.210000
20.700000
22.350000
22.860000
20.600000
16.960000
15.430000
14.820000
12.420000
10.800000
10.270000
10.830000
10.340000
9.540000
8.400000
8.220000
7.250000
7.000000
6.720000
7.050000
7.640000
8.570000
9.670000
10.880000
11.760000
12.150000
12.250000
12.920000
11.640000
9.010000
7.320000
5.820000
4.600000
2.310000
1.110000
0.620000
-0.040000
-0.890000
-0.430000
-1.210000
-1.860000
-2.180000
-3.530000
-2.190000
0.620000
5.390000
8.950000
8.950000
9.600000
9.910000
10.740000
11.620000
11.150000
8.290000
6.050000
4.750000
4.570000
4.840000
4.480000
4.920000
5.410000
4.840000
4.600000
4.300000
4.860000
4.000000
3.750000
3.990000
5.790000
7.330000
9.020000
11.340000
12.820000
13.900000
14.330000
14.040000
12.820000
10.000000
8.070000
6.850000
6.090000
3.400000
2.070000
1.710000
0.150000
-0.610000
-0.910000
-0.580000
-0.440000
-0.040000
0.460000
1.510000
5.150000
9.740000
13.720000
16.121000
17.640000
18.640000
19.360000
19.370000
18.200000
14.380000
12.090000
10.680000
10.120000
10.170000
9.640000
8.530000
7.680000
7.670000
8.230000
7.320000
6.770000
6.790000
6.350000
6.590000
10.210000
14.110000
15.010000
16.800000
17.720000
19.480000
19.650000
20.000000
19.240000
16.230000
14.060000
13.400000
13.600000
11.750000
12.340000
11.370000
10.790000
9.560000
8.730000
8.830000
7.940000
6.600000
7.350000
6.750000
9.780000
13.910000
16.490000
18.680000
19.680000
20.270000
20.340000
20.050000
18.660000
15.660000
14.030000
12.650000
11.930000
10.520000
9.060000
9.100000
9.410000
8.720000
8.370000
7.520000
8.270000
7.690000
7.890000
7.690000
11.690000
16.310000
18.870000
20.790000
21.370000
22.420000
23.010000
22.280000
18.390000
15.900000
14.070000
12.980000
12.160000
10.830000
9.650000
8.730000
8.530000
7.230000
5.710000
4.190000
4.290000
3.360000
2.890000
2.500000
3.950000
7.700000
10.250000
11.560000
14.250000
15.750000
15.790000
15.640000
14.060000
12.310000
11.050000
9.820000
9.840000
9.750000
8.580000
7.470000
7.570000
7.040000
5.960000
5.370000
5.130000
5.150000
4.360000
3.950000
5.180000
9.340000
11.590000
13.380000
14.740000
15.710000
16.180000
15.970000
13.590000
11.410000
10.050000
8.730000
7.360000
6.760000
5.980000
4.840000
3.750000
3.960000
4.870000
5.240000
4.540000
3.670000
3.010000
3.100000
5.140000
8.300000
10.720000
12.300000
13.560000
14.760000
15.560000
15.300000
13.750000
11.380000
9.710000
9.550000
9.600000
8.050000
6.660000
6.390000
6.840000
6.940000
8.610000
9.160000
9.600000
9.900000
9.650000
9.770000
9.940000
11.400000
13.120000
15.630000
16.340000
18.090000
18.710000
19.220000
18.420000
16.210000
15.190000
14.550000
14.130000
13.640000
13.270000
12.870000
12.160000
11.760000
11.300000
10.560000
9.790000
9.720000
10.350000
10.840000
11.130000
11.320000
11.980000
12.740000
12.530000
9.830000
9.190000
9.050000
8.510000
8.120000
8.070000
7.880000
7.500000
7.490000
7.580000
7.400000
7.170000
6.960000
6.580000
6.270000
6.210000
6.080000
5.600000
4.350000
5.220000
6.130000
7.830000
7.620000
7.250000
8.690000
9.570000
9.590000
8.400000
6.990000
5.590000
5.200000
5.380000
5.860000
5.580000
5.260000
3.000000
2.000000
1.850000
1.280000
0.870000
1.020000
0.830000
1.100000
1.760000
2.940000
4.120000
5.240000
5.630000
6.720000
6.960000
6.780000
6.480000
6.320000
6.170000
5.790000
5.430000
5.100000
4.700000
4.230000
4.270000
4.420000
4.500000
4.640000
4.590000
4.530000
4.340000
4.280000
4.280000
4.650000
5.240000
5.690000
5.970000
6.480000
7.290000
7.730000
7.720000
7.360000
7.070000
6.180000
5.980000
5.700000
5.360000
5.270000
4.860000
4.700000
4.610000
4.220000
3.590000
2.190000
0.500000
-0.640000
0.250000
2.570000
4.910000
7.630000
9.710000
10.990000
11.290000
10.720000
9.070000
5.630000
3.280000
1.640000
0.870000
0.640000
-1.880000
-2.410000
-2.820000
-3.140000
-3.710000
-4.270000
-4.310000
-4.410000
-4.170000
-2.260000
-0.550000
1.400000
2.690000
4.970000
6.460000
6.610000
6.820000
7.380000
7.330000
6.690000
5.100000
3.810000
4.510000
3.970000
4.110000
4.470000
4.690000
4.820000
4.760000
4.710000
4.760000
4.830000
4.780000
4.650000
5.540000
6.620000
7.320000
8.400000
9.450000
9.660000
10.240000
10.430000
8.820000
5.680000
4.630000
3.350000
3.740000
2.530000
1.420000
1.290000
0.630000
-1.090000
-2.140000
-3.210000
-3.770000
-4.160000
-4.420000
-3.910000
-1.060000
1.740000
5.120000
7.680000
10.020000
11.740000
12.600000
12.800000
11.640000
9.210000
7.060000
3.870000
2.500000
1.780000
0.460000
-0.640000
-1.550000
-2.100000
-2.170000
-2.480000
-1.750000
-2.200000
-2.030000
-2.490000
0.230000
4.900000
9.590000
12.040000
13.390000
13.120000
13.350000
13.410000
12.280000
11.350000
10.790000
9.810000
9.640000
9.740000
10.420000
9.920000
9.510000
9.580000
9.580000
9.840000
9.040000
8.680000
8.350000
8.180000
8.800000
9.560000
11.260000
12.300000
12.130000
12.720000
12.690000
12.490000
12.210000
10.040000
7.930000
8.260000
7.630000
7.490000
8.470000
8.020000
7.800000
6.460000
4.760000
4.970000
4.980000
4.450000
4.030000
2.510000
4.690000
5.730000
7.460000
8.390000
8.950000
9.400000
9.930000
9.830000
9.220000
8.630000
8.340000
7.950000
8.310000
7.310000
6.650000
6.390000
6.200000
5.730000
5.880000
5.890000
5.770000
5.570000
5.140000
4.510000
4.360000
4.350000
4.280000
4.330000
4.340000
4.700000
5.120000
6.030000
6.900000
4.870000
3.320000
2.170000
0.700000
0.850000
-0.050000
-0.120000
-0.570000
0.470000
1.110000
2.370000
4.030000
5.690000
5.880000
5.220000
4.080000
4.520000
5.130000
6.040000
6.980000
7.350000
7.170000
6.420000
5.550000
4.900000
3.680000
2.480000
1.650000
1.180000
0.620000
-0.090000
-1.640000
-2.980000
-3.280000
-3.250000
-1.450000
-2.460000
-3.400000
-4.000000
-3.080000
-0.270000
1.820000
3.250000
4.110000
4.560000
5.500000
5.860000
5.390000
3.210000
0.820000
0.020000
-0.480000
-1.410000
-1.250000
-2.500000
-2.530000
-2.430000
-1.830000
-1.210000
-1.080000
-0.630000
-2.270000
-1.830000
0.580000
4.250000
7.450000
10.900000
14.040000
15.990000
16.880000
17.120000
14.970000
11.850000
8.860000
7.310000
5.800000
3.840000
3.150000
3.290000
3.780000
3.670000
1.560000
0.440000
-0.580000
-0.360000
-1.600000
-2.030000
-0.850000
3.870000
8.490000
10.880000
12.990000
13.720000
13.230000
12.480000
10.450000
7.810000
6.290000
6.080000
5.470000
5.060000
4.350000
3.320000
2.430000
1.660000
1.720000
1.590000
1.290000
1.980000
2.690000
3.050000
3.100000
3.470000
4.550000
5.640000
6.090000
6.570000
6.630000
6.360000
4.780000
2.060000
-0.550000
-2.110000
-2.340000
-3.170000
-3.390000
-4.250000
-5.250000
-5.880000
-6.070000
-7.130000
-7.110000
-6.840000
-6.010000
-5.770000
-3.720000
1.100000
6.130000
10.380000
12.830000
14.570000
15.030000
14.880000
12.940000
9.940000
8.220000
7.100000
5.720000
4.570000
4.450000
4.420000
4.080000
2.420000
3.090000
3.720000
3.870000
3.360000
2.600000
2.430000
3.570000
6.050000
8.590000
11.300000
12.470000
13.270000
13.280000
12.980000
11.120000
7.880000
5.450000
4.190000
2.830000
3.450000
2.690000
1.750000
0.100000
-0.790000
-1.030000
-1.060000
-0.540000
-0.250000
-0.660000
-1.660000
-1.580000
-0.180000
0.670000
1.150000
1.710000
2.310000
2.280000
2.030000
0.520000
-1.170000
-2.400000
-3.250000
-3.430000
-4.430000
-5.350000
-6.190000
-6.360000
-6.560000
-7.180000
-7.600000
-6.830000
-6.140000
-5.520000
-5.400000
-5.710000
-4.850000
-4.110000
-3.890000
-3.730000
-3.530000
-3.560000
-3.810000
-4.100000
-4.470000
-4.740000
-5.890000
-7.710000
-8.830000
-9.910000
-10.390000
-10.670000
-11.340000
-11.550000
-11.840000
-12.000000
-12.100000
-12.320000
-12.450000
-11.170000
-7.380000
-5.690000
-4.900000
-4.400000
-3.780000
-3.160000
-2.190000
-2.880000
-6.160000
-6.820000
-7.830000
-8.640000
-7.950000
-8.210000
-8.480000
-9.520000
-10.380000
-10.170000
-10.800000
-10.920000
-11.120000
-11.090000
-11.040000
-9.040000
-4.580000
-1.950000
0.290000
2.360000
4.190000
5.350000
5.630000
3.900000
0.550000
-1.100000
-2.790000
-4.010000
-5.050000
-6.330000
-5.370000
-5.240000
-6.080000
-6.850000
-7.150000
-7.180000
-6.830000
-6.690000
-6.530000
-6.150000
-5.570000
-5.130000
-4.400000
-3.740000
-3.710000
-4.630000
-5.280000
-6.030000
-6.340000
-6.570000
-6.920000
-7.230000
-7.650000
-8.070000
-8.340000
-8.720000
-9.050000
-10.080000
-11.710000
-13.010000
-14.140000
-15.070000
-16.059000
-14.950000
-12.760000
-10.920000
-8.960000
-8.270000
-7.930000
-7.820000
-7.840000
-8.550000
-9.060000
-9.120000
-8.460000
-8.330000
-8.330000
-8.340000
-8.270000
-8.220000
-8.250000
-8.210000
-8.160000
-8.170000
-8.100000
-7.960000
-7.740000
-7.420000
-6.990000
-6.600000
-6.240000
-5.840000
-5.330000
-5.030000
-4.840000
-4.830000
-5.050000
-5.540000
-6.140000
-6.740000
-7.190000
-8.250000
-9.660000
-10.780000
-11.890000
-12.680000
-13.390000
-13.810000
-14.090000
-14.530000
-15.100000
-15.310000
-15.170000
-14.790000
-14.140000
-13.430000
-13.100000
-12.740000
-13.010000
-13.730000
-15.050000
-16.230000
-16.230000
-16.780000
-17.570000
-17.940000
-18.830000
-19.610000
-20.040000
-21.070000
-21.300000
-20.710000
-20.270000
-20.540000
-19.420000
-17.790000
-15.710000
-12.540000
-10.140000
-8.270000
-7.170000
-6.440000
-6.560000
-7.740000
-9.130000
-10.500000
-11.250000
-11.590000
-11.830000
-12.120000
-12.520000
-12.600000
-11.790000
-13.300000
-13.030000
-13.470000
-14.590000
-14.070000
-14.640000
-15.190000
-12.910000
-11.200000
-9.820000
-7.130000
-5.930000
-5.120000
-4.700000
-5.760000
-6.960000
-9.190000
-11.280000
-11.880000
-11.160000
-12.230000
-12.370000
-12.620000
-12.730000
-11.850000
-11.780000
-10.340000
-8.070000
-6.590000
-5.400000
-4.760000
-2.660000
-0.940000
-0.320000
0.020000
0.150000
-0.150000
-0.400000
-0.370000
-0.270000
-0.050000
0.050000
-0.090000
-0.490000
-1.030000
-1.800000
-2.590000
-3.750000
-5.360000
-6.180000
-7.720000
-8.650000
-9.480000
-7.810000
-6.750000
-5.830000
-5.220000
-4.610000
-4.370000
-4.260000
-4.830000
-5.420000
-5.410000
-5.430000
-6.240000
-6.450000
-6.070000
-5.900000
-6.450000
-7.350000
-8.240000
-9.060000
-10.520000
-11.980000
-12.740000
-12.830000
-13.390000
-13.860000
-13.880000
-13.800000
-13.490000
-13.340000
-12.910000
-12.490000
-11.680000
-11.980000
-12.140000
-12.140000
-12.640000
-14.080000
-15.550000
-16.480000
-17.130000
-17.160000
-17.500000
-18.120000
-18.790000
-19.470000
-19.390000
-19.400000
-19.700000
-19.540000
-19.260000
-17.640000
-15.420000
-14.880000
-13.830000
-12.840000
-13.050000
-13.310000
-14.030000
-15.290000
-16.090000
-16.379000
-16.560000
-16.660000
-16.770000
-16.760000
-16.370000
-16.490000
-15.220000
-14.630000
-13.950000
-13.450000
-13.230000
-13.570000
-13.430000
-11.170000
-8.170000
-6.260000
-5.090000
-4.820000
-4.480000
-3.970000
-3.880000
-4.420000
-5.150000
-5.100000
-5.200000
-4.890000
-4.740000
-4.770000
-4.880000
-5.300000
-4.960000
-4.880000
-5.440000
-6.440000
-6.890000
-7.640000
-7.480000
-5.840000
-3.980000
-3.120000
-2.370000
-1.450000
-1.140000
-1.630000
-2.540000
-3.510000
-4.450000
-4.650000
-4.410000
-4.940000
-5.150000
-5.290000
-5.030000
-4.850000
-4.950000
-5.050000
-5.170000
-5.420000
-5.510000
-5.090000
-4.470000
-3.540000
-2.290000
-1.500000
-0.910000
-0.180000
0.510000
0.890000
0.690000
0.280000
-0.180000
-0.890000
-1.200000
-1.390000
-1.740000
-2.200000
-2.750000
-3.000000
-3.450000
-3.730000
-4.160000
-4.720000
-4.790000
-4.900000
-5.200000
-5.310000
-5.340000
-5.340000
-5.380000
-5.330000
-5.070000
-4.730000
-4.510000
-4.380000
-4.220000
-3.940000
-3.830000
-3.790000
-3.570000
-3.400000
-3.090000
-2.750000
-2.450000
-2.410000
-2.360000
-2.080000
-1.740000
-2.060000
-2.610000
-1.470000
0.840000
2.050000
1.930000
1.520000
1.350000
1.190000
1.090000
0.350000
-0.200000
-0.350000
-0.760000
-1.320000
-1.710000
-2.160000
-2.370000
-2.440000
-2.470000
-2.440000
-2.470000
-2.680000
-2.460000
-2.320000
-2.230000
-1.650000
-0.760000
0.080000
0.430000
1.140000
1.390000
1.310000
1.260000
1.280000
0.750000
0.730000
0.590000
-1.050000
-1.930000
-2.280000
-2.890000
-2.970000
-2.900000
-3.630000
-2.700000
-2.240000
-2.320000
-2.530000
-2.890000
-2.270000
-1.650000
-1.340000
-1.290000
-1.290000
-0.980000
-0.750000
-0.820000
-0.960000
-0.970000
-0.950000
-1.010000
-0.990000
-0.930000
-0.790000
-0.640000
-0.560000
-0.510000
-0.520000
-0.480000
-0.270000
-0.220000
-0.110000
-0.020000
0.040000
0.130000
0.250000
0.270000
0.300000
0.270000
0.290000
0.310000
0.320000
0.330000
0.360000
0.380000
0.350000
0.380000
0.390000
-0.220000
-0.910000
-1.720000
-2.460000
-2.840000
-3.100000
-4.310000
-5.520000
-6.860000
-7.540000
-7.900000
-8.490000
-9.010000
-9.170000
-9.570000
-9.990000
-10.130000
-10.440000
-10.710000
-10.860000
-11.140000
-11.350000
-11.440000
-11.680000
-11.910000
-12.340000
-12.670000
-13.020000
-13.150000
-13.420000
-13.760000
-13.450000
-12.710000
-11.870000
-10.880000
-10.040000
-9.140000
-8.390000
-7.860000
-7.550000
-7.270000
-7.270000
-7.160000
-7.080000
-6.560000
-6.060000
-5.480000
-6.130000
-6.370000
-6.520000
-6.290000
-5.700000
-4.670000
-4.500000
-4.240000
-4.250000
-4.360000
-4.190000
-3.860000
-3.760000
-3.670000
-4.040000
-4.210000
-4.360000
-4.660000
-5.030000
-5.290000
-5.430000
-5.610000
-5.890000
-6.290000
-6.390000
-6.530000
-7.160000
-7.340000
-7.470000
-7.200000
-6.740000
-6.350000
-5.940000
-5.600000
-5.100000
-4.630000
-4.190000
-3.760000
-3.190000
-2.960000
-2.690000
-2.730000
-2.840000
-2.630000
-2.430000
-2.040000
-1.540000
-1.100000
-1.420000
-1.560000
-2.580000
-3.040000
-2.750000
-3.440000
-4.470000
-5.130000
-7.180000
-7.600000
-6.050000
-5.610000
-5.500000
-6.000000
-6.480000
-6.660000
-6.540000
-6.430000
-6.650000
-8.460000
-10.330000
-12.380000
-13.340000
-14.150000
-14.280000
-15.760000
-16.379000
-16.750000
-17.420000
-17.490000
-18.190000
-18.000000
-18.210000
-17.300000
-14.600000
-13.280000
-12.450000
-11.380000
-10.600000
-10.020000
-9.970000
-9.960000
-10.190000
-10.350000
-10.370000
-9.890000
-8.790000
-7.930000
-7.240000
-6.790000
-6.210000
-5.660000
-4.960000
-4.350000
-3.860000
-2.950000
-2.210000
-1.430000
-1.100000
-0.450000
0.330000
0.700000
0.860000
-0.440000
-2.670000
-5.200000
-7.510000
-8.650000
-9.120000
-10.550000
-11.440000
-12.150000
-12.890000